,Acquisition Function,Belief Function,Trial,Round,Index,Value
0,ThompsonSampling,ThompsonSampling,0,0,0,1.5005093812942505
1,ThompsonSampling,ThompsonSampling,0,0,1,1.4568949937820435
2,ThompsonSampling,ThompsonSampling,0,0,2,1.4638276100158691
3,ThompsonSampling,ThompsonSampling,0,0,3,2.0207037925720215
4,ThompsonSampling,ThompsonSampling,0,0,4,1.4533342123031616
5,ThompsonSampling,ThompsonSampling,0,0,5,1.3221534490585327
6,ThompsonSampling,ThompsonSampling,0,0,6,1.5359467267990112
7,ThompsonSampling,ThompsonSampling,0,0,7,1.7913010120391846
8,ThompsonSampling,ThompsonSampling,0,0,8,1.165290117263794
9,ThompsonSampling,ThompsonSampling,0,0,9,1.828498363494873
10,ThompsonSampling,ThompsonSampling,0,0,10,1.4152086973190308
11,ThompsonSampling,ThompsonSampling,0,0,11,1.8767142295837402
12,ThompsonSampling,ThompsonSampling,0,0,12,1.3812602758407593
13,ThompsonSampling,ThompsonSampling,0,0,13,1.774850606918335
14,ThompsonSampling,ThompsonSampling,0,0,14,1.6207036972045898
15,ThompsonSampling,ThompsonSampling,0,0,15,1.5890352725982666
16,ThompsonSampling,ThompsonSampling,0,0,16,1.3332419395446777
17,ThompsonSampling,ThompsonSampling,0,0,17,1.3098351955413818
18,ThompsonSampling,ThompsonSampling,0,0,18,1.228472113609314
19,ThompsonSampling,ThompsonSampling,0,0,19,1.8452974557876587
20,ThompsonSampling,ThompsonSampling,0,0,20,1.785873293876648
21,ThompsonSampling,ThompsonSampling,0,0,21,1.5446523427963257
22,ThompsonSampling,ThompsonSampling,0,0,22,2.6376843452453613
23,ThompsonSampling,ThompsonSampling,0,0,23,1.4714351892471313
24,ThompsonSampling,ThompsonSampling,0,0,24,1.3081399202346802
25,ThompsonSampling,ThompsonSampling,0,0,25,1.306760311126709
26,ThompsonSampling,ThompsonSampling,0,0,26,1.816547155380249
27,ThompsonSampling,ThompsonSampling,0,0,27,2.1400818824768066
28,ThompsonSampling,ThompsonSampling,0,0,28,1.995137095451355
29,ThompsonSampling,ThompsonSampling,0,0,29,1.9521799087524414
30,ThompsonSampling,ThompsonSampling,0,0,30,2.1091372966766357
31,ThompsonSampling,ThompsonSampling,0,0,31,1.493879795074463
32,ThompsonSampling,ThompsonSampling,0,0,32,1.7391300201416016
33,ThompsonSampling,ThompsonSampling,0,0,33,1.7512257099151611
34,ThompsonSampling,ThompsonSampling,0,0,34,1.9333957433700562
35,ThompsonSampling,ThompsonSampling,0,0,35,1.7662934064865112
36,ThompsonSampling,ThompsonSampling,0,0,36,1.551289439201355
37,ThompsonSampling,ThompsonSampling,0,0,37,2.017749071121216
38,ThompsonSampling,ThompsonSampling,0,0,38,1.6727113723754883
39,ThompsonSampling,ThompsonSampling,0,0,39,1.578547477722168
40,ThompsonSampling,ThompsonSampling,0,0,40,1.4160510301589966
41,ThompsonSampling,ThompsonSampling,0,0,41,1.899789810180664
42,ThompsonSampling,ThompsonSampling,0,0,42,1.5108256340026855
43,ThompsonSampling,ThompsonSampling,0,0,43,1.5074553489685059
44,ThompsonSampling,ThompsonSampling,0,0,44,1.4319136142730713
45,ThompsonSampling,ThompsonSampling,0,0,45,1.548925757408142
46,ThompsonSampling,ThompsonSampling,0,0,46,1.3372398614883423
47,ThompsonSampling,ThompsonSampling,0,0,47,1.3068468570709229
48,ThompsonSampling,ThompsonSampling,0,0,48,1.8668460845947266
49,ThompsonSampling,ThompsonSampling,0,0,49,1.6369119882583618
50,ThompsonSampling,ThompsonSampling,0,0,50,1.4453519582748413
51,ThompsonSampling,ThompsonSampling,0,0,51,1.541245460510254
52,ThompsonSampling,ThompsonSampling,0,0,52,1.505253553390503
53,ThompsonSampling,ThompsonSampling,0,0,53,1.4594173431396484
54,ThompsonSampling,ThompsonSampling,0,0,54,1.9044605493545532
55,ThompsonSampling,ThompsonSampling,0,0,55,1.6490964889526367
56,ThompsonSampling,ThompsonSampling,0,0,56,1.456003189086914
57,ThompsonSampling,ThompsonSampling,0,0,57,1.317983865737915
58,ThompsonSampling,ThompsonSampling,0,0,58,1.648363709449768
59,ThompsonSampling,ThompsonSampling,0,0,59,1.5829805135726929
60,ThompsonSampling,ThompsonSampling,0,0,60,1.3200451135635376
61,ThompsonSampling,ThompsonSampling,0,0,61,1.594327688217163
62,ThompsonSampling,ThompsonSampling,0,0,62,1.8271774053573608
63,ThompsonSampling,ThompsonSampling,0,0,63,1.5436574220657349
64,ThompsonSampling,ThompsonSampling,0,0,64,1.5847358703613281
65,ThompsonSampling,ThompsonSampling,0,0,65,1.908324122428894
66,ThompsonSampling,ThompsonSampling,0,0,66,1.517398476600647
67,ThompsonSampling,ThompsonSampling,0,0,67,1.1515178680419922
68,ThompsonSampling,ThompsonSampling,0,0,68,1.5647683143615723
69,ThompsonSampling,ThompsonSampling,0,0,69,1.483038067817688
70,ThompsonSampling,ThompsonSampling,0,0,70,1.6423252820968628
71,ThompsonSampling,ThompsonSampling,0,0,71,1.4556721448898315
72,ThompsonSampling,ThompsonSampling,0,0,72,1.579135537147522
73,ThompsonSampling,ThompsonSampling,0,0,73,1.157069206237793
74,ThompsonSampling,ThompsonSampling,0,0,74,1.3882873058319092
75,ThompsonSampling,ThompsonSampling,0,0,75,2.373380661010742
76,ThompsonSampling,ThompsonSampling,0,0,76,2.2675397396087646
77,ThompsonSampling,ThompsonSampling,0,0,77,1.5526738166809082
78,ThompsonSampling,ThompsonSampling,0,0,78,1.5893994569778442
79,ThompsonSampling,ThompsonSampling,0,0,79,1.686374306678772
80,ThompsonSampling,ThompsonSampling,0,0,80,1.2053710222244263
81,ThompsonSampling,ThompsonSampling,0,0,81,1.5447324514389038
82,ThompsonSampling,ThompsonSampling,0,0,82,1.2854254245758057
83,ThompsonSampling,ThompsonSampling,0,0,83,1.5284769535064697
84,ThompsonSampling,ThompsonSampling,0,0,84,1.9905025959014893
85,ThompsonSampling,ThompsonSampling,0,0,85,1.519222617149353
86,ThompsonSampling,ThompsonSampling,0,0,86,1.5556405782699585
87,ThompsonSampling,ThompsonSampling,0,0,87,1.6216715574264526
88,ThompsonSampling,ThompsonSampling,0,0,88,1.6221376657485962
89,ThompsonSampling,ThompsonSampling,0,0,89,1.4996978044509888
90,ThompsonSampling,ThompsonSampling,0,0,90,2.0517046451568604
91,ThompsonSampling,ThompsonSampling,0,0,91,1.671600103378296
92,ThompsonSampling,ThompsonSampling,0,0,92,2.197227954864502
93,ThompsonSampling,ThompsonSampling,0,0,93,1.4829423427581787
94,ThompsonSampling,ThompsonSampling,0,0,94,1.4751074314117432
95,ThompsonSampling,ThompsonSampling,0,0,95,1.4343554973602295
96,ThompsonSampling,ThompsonSampling,0,0,96,1.3506795167922974
97,ThompsonSampling,ThompsonSampling,0,0,97,1.6402249336242676
98,ThompsonSampling,ThompsonSampling,0,0,98,1.5526232719421387
99,ThompsonSampling,ThompsonSampling,0,0,99,2.149580955505371
100,ThompsonSampling,ThompsonSampling,0,0,100,2.0527608394622803
101,ThompsonSampling,ThompsonSampling,0,0,101,1.9455991983413696
102,ThompsonSampling,ThompsonSampling,0,0,102,1.4458364248275757
103,ThompsonSampling,ThompsonSampling,0,0,103,1.6942187547683716
104,ThompsonSampling,ThompsonSampling,0,0,104,1.7056851387023926
105,ThompsonSampling,ThompsonSampling,0,0,105,1.2258520126342773
106,ThompsonSampling,ThompsonSampling,0,0,106,1.75770902633667
107,ThompsonSampling,ThompsonSampling,0,0,107,1.7870148420333862
108,ThompsonSampling,ThompsonSampling,0,0,108,1.831794261932373
109,ThompsonSampling,ThompsonSampling,0,0,109,1.5091536045074463
110,ThompsonSampling,ThompsonSampling,0,0,110,1.5853229761123657
111,ThompsonSampling,ThompsonSampling,0,0,111,1.7708075046539307
112,ThompsonSampling,ThompsonSampling,0,0,112,1.5224080085754395
113,ThompsonSampling,ThompsonSampling,0,0,113,2.5618534088134766
114,ThompsonSampling,ThompsonSampling,0,0,114,1.503232479095459
115,ThompsonSampling,ThompsonSampling,0,0,115,1.4259090423583984
116,ThompsonSampling,ThompsonSampling,0,0,116,1.635962963104248
117,ThompsonSampling,ThompsonSampling,0,0,117,1.3259122371673584
118,ThompsonSampling,ThompsonSampling,0,0,118,1.6084601879119873
119,ThompsonSampling,ThompsonSampling,0,0,119,1.4911303520202637
120,ThompsonSampling,ThompsonSampling,0,0,120,1.4077166318893433
121,ThompsonSampling,ThompsonSampling,0,0,121,1.4603891372680664
122,ThompsonSampling,ThompsonSampling,0,0,122,2.2475693225860596
123,ThompsonSampling,ThompsonSampling,0,0,123,1.3899418115615845
124,ThompsonSampling,ThompsonSampling,0,0,124,1.533432126045227
125,ThompsonSampling,ThompsonSampling,0,0,125,2.515562057495117
126,ThompsonSampling,ThompsonSampling,0,0,126,1.3678358793258667
127,ThompsonSampling,ThompsonSampling,0,0,127,1.4437206983566284
128,ThompsonSampling,ThompsonSampling,0,0,128,2.028841257095337
129,ThompsonSampling,ThompsonSampling,0,0,129,1.3255943059921265
130,ThompsonSampling,ThompsonSampling,0,0,130,1.4044060707092285
131,ThompsonSampling,ThompsonSampling,0,0,131,1.8427602052688599
132,ThompsonSampling,ThompsonSampling,0,0,132,1.2787854671478271
133,ThompsonSampling,ThompsonSampling,0,0,133,1.5269042253494263
134,ThompsonSampling,ThompsonSampling,0,0,134,2.0997061729431152
135,ThompsonSampling,ThompsonSampling,0,0,135,1.6270012855529785
136,ThompsonSampling,ThompsonSampling,0,0,136,1.2573109865188599
137,ThompsonSampling,ThompsonSampling,0,0,137,1.2871246337890625
138,ThompsonSampling,ThompsonSampling,0,0,138,1.2801165580749512
139,ThompsonSampling,ThompsonSampling,0,0,139,1.6071994304656982
140,ThompsonSampling,ThompsonSampling,0,0,140,1.1668803691864014
141,ThompsonSampling,ThompsonSampling,0,0,141,1.2072442770004272
142,ThompsonSampling,ThompsonSampling,0,0,142,1.5654486417770386
143,ThompsonSampling,ThompsonSampling,0,0,143,1.8416430950164795
144,ThompsonSampling,ThompsonSampling,0,0,144,1.2656856775283813
145,ThompsonSampling,ThompsonSampling,0,0,145,1.502877116203308
146,ThompsonSampling,ThompsonSampling,0,0,146,1.5565896034240723
147,ThompsonSampling,ThompsonSampling,0,0,147,2.208782911300659
148,ThompsonSampling,ThompsonSampling,0,0,148,1.8069748878479004
149,ThompsonSampling,ThompsonSampling,0,0,149,1.6259875297546387
150,ThompsonSampling,ThompsonSampling,0,0,150,1.7400578260421753
151,ThompsonSampling,ThompsonSampling,0,0,151,1.5055848360061646
152,ThompsonSampling,ThompsonSampling,0,0,152,1.5065586566925049
153,ThompsonSampling,ThompsonSampling,0,0,153,1.3807953596115112
154,ThompsonSampling,ThompsonSampling,0,0,154,2.368227481842041
155,ThompsonSampling,ThompsonSampling,0,0,155,1.4189659357070923
156,ThompsonSampling,ThompsonSampling,0,0,156,1.840994954109192
157,ThompsonSampling,ThompsonSampling,0,0,157,1.4555636644363403
158,ThompsonSampling,ThompsonSampling,0,0,158,2.072127342224121
159,ThompsonSampling,ThompsonSampling,0,0,159,1.5292385816574097
160,ThompsonSampling,ThompsonSampling,0,0,160,1.851851224899292
161,ThompsonSampling,ThompsonSampling,0,0,161,1.7673786878585815
162,ThompsonSampling,ThompsonSampling,0,0,162,1.2157684564590454
163,ThompsonSampling,ThompsonSampling,0,0,163,1.5196802616119385
164,ThompsonSampling,ThompsonSampling,0,0,164,1.5512655973434448
165,ThompsonSampling,ThompsonSampling,0,0,165,2.0918002128601074
166,ThompsonSampling,ThompsonSampling,0,0,166,1.8061596155166626
167,ThompsonSampling,ThompsonSampling,0,0,167,2.0713372230529785
168,ThompsonSampling,ThompsonSampling,0,0,168,1.6588480472564697
169,ThompsonSampling,ThompsonSampling,0,0,169,1.8566510677337646
170,ThompsonSampling,ThompsonSampling,0,0,170,1.3550916910171509
171,ThompsonSampling,ThompsonSampling,0,0,171,1.343030333518982
172,ThompsonSampling,ThompsonSampling,0,0,172,1.3289519548416138
173,ThompsonSampling,ThompsonSampling,0,0,173,1.910637617111206
174,ThompsonSampling,ThompsonSampling,0,0,174,1.634028434753418
175,ThompsonSampling,ThompsonSampling,0,0,175,2.073566436767578
176,ThompsonSampling,ThompsonSampling,0,0,176,1.671370506286621
177,ThompsonSampling,ThompsonSampling,0,0,177,1.5931487083435059
178,ThompsonSampling,ThompsonSampling,0,0,178,1.3669945001602173
179,ThompsonSampling,ThompsonSampling,0,0,179,1.6714857816696167
180,ThompsonSampling,ThompsonSampling,0,0,180,1.6174026727676392
181,ThompsonSampling,ThompsonSampling,0,0,181,1.4601775407791138
182,ThompsonSampling,ThompsonSampling,0,0,182,1.4276164770126343
183,ThompsonSampling,ThompsonSampling,0,0,183,1.9729204177856445
184,ThompsonSampling,ThompsonSampling,0,0,184,1.5069183111190796
185,ThompsonSampling,ThompsonSampling,0,0,185,1.3824265003204346
186,ThompsonSampling,ThompsonSampling,0,0,186,1.703235149383545
187,ThompsonSampling,ThompsonSampling,0,0,187,1.7350292205810547
188,ThompsonSampling,ThompsonSampling,0,0,188,1.3929909467697144
189,ThompsonSampling,ThompsonSampling,0,0,189,1.4029130935668945
190,ThompsonSampling,ThompsonSampling,0,0,190,1.5682752132415771
191,ThompsonSampling,ThompsonSampling,0,0,191,1.5732113122940063
192,ThompsonSampling,ThompsonSampling,0,0,192,1.4401607513427734
193,ThompsonSampling,ThompsonSampling,0,0,193,1.6989867687225342
194,ThompsonSampling,ThompsonSampling,0,0,194,1.3861862421035767
195,ThompsonSampling,ThompsonSampling,0,0,195,1.5604244470596313
196,ThompsonSampling,ThompsonSampling,0,0,196,1.6438623666763306
197,ThompsonSampling,ThompsonSampling,0,0,197,1.8067694902420044
198,ThompsonSampling,ThompsonSampling,0,0,198,2.0092666149139404
199,ThompsonSampling,ThompsonSampling,0,0,199,1.6188440322875977
200,ThompsonSampling,ThompsonSampling,0,0,200,1.6741631031036377
201,ThompsonSampling,ThompsonSampling,0,0,201,1.894397497177124
202,ThompsonSampling,ThompsonSampling,0,0,202,1.7356914281845093
203,ThompsonSampling,ThompsonSampling,0,0,203,1.4354397058486938
204,ThompsonSampling,ThompsonSampling,0,0,204,1.3845696449279785
205,ThompsonSampling,ThompsonSampling,0,0,205,1.6469075679779053
206,ThompsonSampling,ThompsonSampling,0,0,206,1.6620151996612549
207,ThompsonSampling,ThompsonSampling,0,0,207,2.0186572074890137
208,ThompsonSampling,ThompsonSampling,0,0,208,1.4966791868209839
209,ThompsonSampling,ThompsonSampling,0,0,209,1.4802285432815552
210,ThompsonSampling,ThompsonSampling,0,0,210,1.6581463813781738
211,ThompsonSampling,ThompsonSampling,0,0,211,1.4654691219329834
212,ThompsonSampling,ThompsonSampling,0,0,212,1.3388015031814575
213,ThompsonSampling,ThompsonSampling,0,0,213,2.3820548057556152
214,ThompsonSampling,ThompsonSampling,0,0,214,1.4581000804901123
215,ThompsonSampling,ThompsonSampling,0,0,215,1.3672094345092773
216,ThompsonSampling,ThompsonSampling,0,0,216,1.2389806509017944
217,ThompsonSampling,ThompsonSampling,0,0,217,1.4919370412826538
218,ThompsonSampling,ThompsonSampling,0,0,218,1.599165439605713
219,ThompsonSampling,ThompsonSampling,0,0,219,1.9258922338485718
220,ThompsonSampling,ThompsonSampling,0,0,220,1.5868562459945679
221,ThompsonSampling,ThompsonSampling,0,0,221,2.0896596908569336
222,ThompsonSampling,ThompsonSampling,0,0,222,2.0370781421661377
223,ThompsonSampling,ThompsonSampling,0,0,223,1.709776520729065
224,ThompsonSampling,ThompsonSampling,0,0,224,1.901380181312561
225,ThompsonSampling,ThompsonSampling,0,0,225,1.4700901508331299
226,ThompsonSampling,ThompsonSampling,0,0,226,1.36532461643219
227,ThompsonSampling,ThompsonSampling,0,0,227,1.4863145351409912
228,ThompsonSampling,ThompsonSampling,0,0,228,1.9496283531188965
229,ThompsonSampling,ThompsonSampling,0,0,229,1.8990373611450195
230,ThompsonSampling,ThompsonSampling,0,0,230,1.5552910566329956
231,ThompsonSampling,ThompsonSampling,0,0,231,1.6917985677719116
232,ThompsonSampling,ThompsonSampling,0,0,232,1.5443660020828247
233,ThompsonSampling,ThompsonSampling,0,0,233,1.7915178537368774
234,ThompsonSampling,ThompsonSampling,0,0,234,1.3510615825653076
235,ThompsonSampling,ThompsonSampling,0,0,235,1.8266359567642212
236,ThompsonSampling,ThompsonSampling,0,0,236,1.6418652534484863
237,ThompsonSampling,ThompsonSampling,0,0,237,1.667379379272461
238,ThompsonSampling,ThompsonSampling,0,0,238,1.7260560989379883
239,ThompsonSampling,ThompsonSampling,0,0,239,1.5633736848831177
240,ThompsonSampling,ThompsonSampling,0,0,240,1.674450397491455
241,ThompsonSampling,ThompsonSampling,0,0,241,1.5903578996658325
242,ThompsonSampling,ThompsonSampling,0,0,242,1.8476046323776245
243,ThompsonSampling,ThompsonSampling,0,0,243,1.451532244682312
244,ThompsonSampling,ThompsonSampling,0,0,244,1.4052553176879883
245,ThompsonSampling,ThompsonSampling,0,0,245,2.4361937046051025
246,ThompsonSampling,ThompsonSampling,0,0,246,1.696937084197998
247,ThompsonSampling,ThompsonSampling,0,0,247,1.604612946510315
248,ThompsonSampling,ThompsonSampling,0,0,248,2.334232807159424
249,ThompsonSampling,ThompsonSampling,0,0,249,1.6119757890701294
250,ThompsonSampling,ThompsonSampling,0,0,250,1.5409234762191772
251,ThompsonSampling,ThompsonSampling,0,0,251,1.6585283279418945
252,ThompsonSampling,ThompsonSampling,0,0,252,1.5131816864013672
253,ThompsonSampling,ThompsonSampling,0,0,253,1.896838665008545
254,ThompsonSampling,ThompsonSampling,0,0,254,1.9411265850067139
255,ThompsonSampling,ThompsonSampling,0,0,255,1.448408842086792
256,ThompsonSampling,ThompsonSampling,0,0,256,1.9272844791412354
257,ThompsonSampling,ThompsonSampling,0,0,257,1.8396713733673096
258,ThompsonSampling,ThompsonSampling,0,0,258,2.111677885055542
259,ThompsonSampling,ThompsonSampling,0,0,259,1.3475431203842163
260,ThompsonSampling,ThompsonSampling,0,0,260,1.5288392305374146
261,ThompsonSampling,ThompsonSampling,0,0,261,2.4668614864349365
262,ThompsonSampling,ThompsonSampling,0,0,262,1.4808905124664307
263,ThompsonSampling,ThompsonSampling,0,0,263,1.331163763999939
264,ThompsonSampling,ThompsonSampling,0,0,264,1.3701519966125488
265,ThompsonSampling,ThompsonSampling,0,0,265,1.439699649810791
266,ThompsonSampling,ThompsonSampling,0,0,266,1.3673936128616333
267,ThompsonSampling,ThompsonSampling,0,0,267,1.4211710691452026
268,ThompsonSampling,ThompsonSampling,0,0,268,1.1080502271652222
269,ThompsonSampling,ThompsonSampling,0,0,269,1.5713318586349487
270,ThompsonSampling,ThompsonSampling,0,0,270,1.51621675491333
271,ThompsonSampling,ThompsonSampling,0,0,271,1.1900197267532349
272,ThompsonSampling,ThompsonSampling,0,0,272,1.8404483795166016
273,ThompsonSampling,ThompsonSampling,0,0,273,1.29866623878479
274,ThompsonSampling,ThompsonSampling,0,0,274,1.443450689315796
275,ThompsonSampling,ThompsonSampling,0,0,275,1.3068195581436157
276,ThompsonSampling,ThompsonSampling,0,0,276,1.317920207977295
277,ThompsonSampling,ThompsonSampling,0,0,277,1.968605399131775
278,ThompsonSampling,ThompsonSampling,0,0,278,2.072446584701538
279,ThompsonSampling,ThompsonSampling,0,0,279,1.6640641689300537
280,ThompsonSampling,ThompsonSampling,0,0,280,1.7345190048217773
281,ThompsonSampling,ThompsonSampling,0,0,281,1.5927294492721558
282,ThompsonSampling,ThompsonSampling,0,0,282,1.467042326927185
283,ThompsonSampling,ThompsonSampling,0,0,283,1.3712594509124756
284,ThompsonSampling,ThompsonSampling,0,0,284,1.6105464696884155
285,ThompsonSampling,ThompsonSampling,0,0,285,1.9389463663101196
286,ThompsonSampling,ThompsonSampling,0,0,286,1.502065896987915
287,ThompsonSampling,ThompsonSampling,0,0,287,1.311665415763855
288,ThompsonSampling,ThompsonSampling,0,0,288,1.4985719919204712
289,ThompsonSampling,ThompsonSampling,0,0,289,1.6054260730743408
290,ThompsonSampling,ThompsonSampling,0,0,290,1.441428542137146
291,ThompsonSampling,ThompsonSampling,0,0,291,1.2785420417785645
292,ThompsonSampling,ThompsonSampling,0,0,292,1.655958890914917
293,ThompsonSampling,ThompsonSampling,0,0,293,1.4218441247940063
294,ThompsonSampling,ThompsonSampling,0,0,294,1.7153457403182983
295,ThompsonSampling,ThompsonSampling,0,0,295,1.4509564638137817
296,ThompsonSampling,ThompsonSampling,0,0,296,1.5333399772644043
297,ThompsonSampling,ThompsonSampling,0,0,297,1.6088402271270752
298,ThompsonSampling,ThompsonSampling,0,0,298,1.467152714729309
299,ThompsonSampling,ThompsonSampling,0,0,299,1.4511688947677612
300,ThompsonSampling,ThompsonSampling,0,0,300,1.492937684059143
301,ThompsonSampling,ThompsonSampling,0,0,301,1.2029073238372803
302,ThompsonSampling,ThompsonSampling,0,0,302,1.3928202390670776
303,ThompsonSampling,ThompsonSampling,0,0,303,1.3560971021652222
304,ThompsonSampling,ThompsonSampling,0,0,304,1.2561204433441162
305,ThompsonSampling,ThompsonSampling,0,0,305,1.4466861486434937
306,ThompsonSampling,ThompsonSampling,0,0,306,1.2607321739196777
307,ThompsonSampling,ThompsonSampling,0,0,307,1.3021732568740845
308,ThompsonSampling,ThompsonSampling,0,0,308,2.3463544845581055
309,ThompsonSampling,ThompsonSampling,0,0,309,1.7786637544631958
310,ThompsonSampling,ThompsonSampling,0,0,310,1.855849027633667
311,ThompsonSampling,ThompsonSampling,0,0,311,1.9163326025009155
312,ThompsonSampling,ThompsonSampling,0,0,312,1.8761547803878784
313,ThompsonSampling,ThompsonSampling,0,0,313,1.396296739578247
314,ThompsonSampling,ThompsonSampling,0,0,314,1.4061120748519897
315,ThompsonSampling,ThompsonSampling,0,0,315,1.9965740442276
316,ThompsonSampling,ThompsonSampling,0,0,316,1.2909082174301147
317,ThompsonSampling,ThompsonSampling,0,0,317,1.859067440032959
318,ThompsonSampling,ThompsonSampling,0,0,318,1.8341615200042725
319,ThompsonSampling,ThompsonSampling,0,0,319,1.4987270832061768
320,ThompsonSampling,ThompsonSampling,0,0,320,1.2281426191329956
321,ThompsonSampling,ThompsonSampling,0,0,321,2.079599142074585
322,ThompsonSampling,ThompsonSampling,0,0,322,1.1384494304656982
323,ThompsonSampling,ThompsonSampling,0,0,323,1.7662180662155151
324,ThompsonSampling,ThompsonSampling,0,0,324,1.645159363746643
325,ThompsonSampling,ThompsonSampling,0,0,325,1.6102464199066162
326,ThompsonSampling,ThompsonSampling,0,0,326,1.8504815101623535
327,ThompsonSampling,ThompsonSampling,0,0,327,1.7486897706985474
328,ThompsonSampling,ThompsonSampling,0,0,328,1.3859432935714722
329,ThompsonSampling,ThompsonSampling,0,0,329,1.394775390625
330,ThompsonSampling,ThompsonSampling,0,0,330,1.3199518918991089
331,ThompsonSampling,ThompsonSampling,0,0,331,1.1973187923431396
332,ThompsonSampling,ThompsonSampling,0,0,332,1.3833537101745605
333,ThompsonSampling,ThompsonSampling,0,0,333,1.3317689895629883
334,ThompsonSampling,ThompsonSampling,0,0,334,1.0708801746368408
335,ThompsonSampling,ThompsonSampling,0,0,335,1.3092737197875977
336,ThompsonSampling,ThompsonSampling,0,0,336,1.2572760581970215
337,ThompsonSampling,ThompsonSampling,0,0,337,1.3779274225234985
338,ThompsonSampling,ThompsonSampling,0,0,338,1.5423156023025513
339,ThompsonSampling,ThompsonSampling,0,0,339,1.6015666723251343
340,ThompsonSampling,ThompsonSampling,0,0,340,1.5931625366210938
341,ThompsonSampling,ThompsonSampling,0,0,341,1.6088322401046753
342,ThompsonSampling,ThompsonSampling,0,0,342,1.5647695064544678
343,ThompsonSampling,ThompsonSampling,0,0,343,1.8802965879440308
344,ThompsonSampling,ThompsonSampling,0,0,344,1.4126744270324707
345,ThompsonSampling,ThompsonSampling,0,0,345,1.988933801651001
346,ThompsonSampling,ThompsonSampling,0,0,346,1.56602144241333
347,ThompsonSampling,ThompsonSampling,0,0,347,1.5475726127624512
348,ThompsonSampling,ThompsonSampling,0,0,348,1.1869782209396362
349,ThompsonSampling,ThompsonSampling,0,0,349,1.450209379196167
350,ThompsonSampling,ThompsonSampling,0,0,350,1.5939574241638184
351,ThompsonSampling,ThompsonSampling,0,0,351,1.8851031064987183
352,ThompsonSampling,ThompsonSampling,0,0,352,1.4705915451049805
353,ThompsonSampling,ThompsonSampling,0,0,353,1.5654278993606567
354,ThompsonSampling,ThompsonSampling,0,0,354,1.8511558771133423
355,ThompsonSampling,ThompsonSampling,0,0,355,1.20562744140625
356,ThompsonSampling,ThompsonSampling,0,0,356,1.6447911262512207
357,ThompsonSampling,ThompsonSampling,0,0,357,2.1878132820129395
358,ThompsonSampling,ThompsonSampling,0,0,358,1.8847072124481201
359,ThompsonSampling,ThompsonSampling,0,0,359,1.5223485231399536
360,ThompsonSampling,ThompsonSampling,0,0,360,1.5793017148971558
361,ThompsonSampling,ThompsonSampling,0,0,361,1.4169971942901611
362,ThompsonSampling,ThompsonSampling,0,0,362,1.42684006690979
363,ThompsonSampling,ThompsonSampling,0,0,363,1.7385993003845215
364,ThompsonSampling,ThompsonSampling,0,0,364,1.8139432668685913
365,ThompsonSampling,ThompsonSampling,0,0,365,1.7759861946105957
366,ThompsonSampling,ThompsonSampling,0,0,366,2.3455119132995605
367,ThompsonSampling,ThompsonSampling,0,0,367,1.511621117591858
368,ThompsonSampling,ThompsonSampling,0,0,368,1.6398897171020508
369,ThompsonSampling,ThompsonSampling,0,0,369,2.3839478492736816
370,ThompsonSampling,ThompsonSampling,0,0,370,1.7927669286727905
371,ThompsonSampling,ThompsonSampling,0,0,371,1.5541934967041016
372,ThompsonSampling,ThompsonSampling,0,0,372,2.3196189403533936
373,ThompsonSampling,ThompsonSampling,0,0,373,1.560346245765686
374,ThompsonSampling,ThompsonSampling,0,0,374,1.437625527381897
375,ThompsonSampling,ThompsonSampling,0,0,375,1.4103202819824219
376,ThompsonSampling,ThompsonSampling,0,0,376,1.1651148796081543
377,ThompsonSampling,ThompsonSampling,0,0,377,1.685550332069397
378,ThompsonSampling,ThompsonSampling,0,0,378,2.414759397506714
379,ThompsonSampling,ThompsonSampling,0,0,379,1.493659257888794
380,ThompsonSampling,ThompsonSampling,0,0,380,1.564619779586792
381,ThompsonSampling,ThompsonSampling,0,0,381,1.2937558889389038
382,ThompsonSampling,ThompsonSampling,0,0,382,1.4311474561691284
383,ThompsonSampling,ThompsonSampling,0,0,383,2.0685348510742188
384,ThompsonSampling,ThompsonSampling,0,0,384,1.6753908395767212
385,ThompsonSampling,ThompsonSampling,0,0,385,2.1352481842041016
386,ThompsonSampling,ThompsonSampling,0,0,386,1.2659419775009155
387,ThompsonSampling,ThompsonSampling,0,0,387,1.5055699348449707
388,ThompsonSampling,ThompsonSampling,0,0,388,1.4415863752365112
389,ThompsonSampling,ThompsonSampling,0,0,389,1.4319778680801392
390,ThompsonSampling,ThompsonSampling,0,0,390,1.486775279045105
391,ThompsonSampling,ThompsonSampling,0,0,391,1.3473516702651978
392,ThompsonSampling,ThompsonSampling,0,0,392,1.4280717372894287
393,ThompsonSampling,ThompsonSampling,0,0,393,1.4796059131622314
394,ThompsonSampling,ThompsonSampling,0,0,394,1.7028827667236328
395,ThompsonSampling,ThompsonSampling,0,0,395,1.4903751611709595
396,ThompsonSampling,ThompsonSampling,0,0,396,1.8696924448013306
397,ThompsonSampling,ThompsonSampling,0,0,397,2.237039804458618
398,ThompsonSampling,ThompsonSampling,0,0,398,1.7592792510986328
399,ThompsonSampling,ThompsonSampling,0,0,399,1.4112197160720825
400,ThompsonSampling,ThompsonSampling,0,0,400,1.551251769065857
401,ThompsonSampling,ThompsonSampling,0,0,401,1.3425039052963257
402,ThompsonSampling,ThompsonSampling,0,0,402,1.6177431344985962
403,ThompsonSampling,ThompsonSampling,0,0,403,1.3921856880187988
404,ThompsonSampling,ThompsonSampling,0,0,404,1.3604705333709717
405,ThompsonSampling,ThompsonSampling,0,0,405,1.6775522232055664
406,ThompsonSampling,ThompsonSampling,0,0,406,1.5560733079910278
407,ThompsonSampling,ThompsonSampling,0,0,407,1.9707074165344238
408,ThompsonSampling,ThompsonSampling,0,0,408,1.966576337814331
409,ThompsonSampling,ThompsonSampling,0,0,409,1.926614761352539
410,ThompsonSampling,ThompsonSampling,0,0,410,1.3748949766159058
411,ThompsonSampling,ThompsonSampling,0,0,411,2.1548686027526855
412,ThompsonSampling,ThompsonSampling,0,0,412,1.5646783113479614
413,ThompsonSampling,ThompsonSampling,0,0,413,1.3386898040771484
414,ThompsonSampling,ThompsonSampling,0,0,414,1.4600132703781128
415,ThompsonSampling,ThompsonSampling,0,0,415,1.609761118888855
416,ThompsonSampling,ThompsonSampling,0,0,416,1.5351769924163818
417,ThompsonSampling,ThompsonSampling,0,0,417,1.4046263694763184
418,ThompsonSampling,ThompsonSampling,0,0,418,2.556856632232666
419,ThompsonSampling,ThompsonSampling,0,0,419,1.7519688606262207
420,ThompsonSampling,ThompsonSampling,0,0,420,1.8414878845214844
421,ThompsonSampling,ThompsonSampling,0,0,421,2.236438512802124
422,ThompsonSampling,ThompsonSampling,0,0,422,1.6253817081451416
423,ThompsonSampling,ThompsonSampling,0,0,423,1.7228522300720215
424,ThompsonSampling,ThompsonSampling,0,0,424,2.2731192111968994
425,ThompsonSampling,ThompsonSampling,0,0,425,1.3550900220870972
426,ThompsonSampling,ThompsonSampling,0,0,426,1.5931540727615356
427,ThompsonSampling,ThompsonSampling,0,0,427,1.679943323135376
428,ThompsonSampling,ThompsonSampling,0,0,428,1.5911272764205933
429,ThompsonSampling,ThompsonSampling,0,0,429,1.9297102689743042
430,ThompsonSampling,ThompsonSampling,0,0,430,1.6656287908554077
431,ThompsonSampling,ThompsonSampling,0,0,431,1.3588504791259766
432,ThompsonSampling,ThompsonSampling,0,0,432,1.4962238073349
433,ThompsonSampling,ThompsonSampling,0,0,433,1.4687362909317017
434,ThompsonSampling,ThompsonSampling,0,0,434,1.9302595853805542
435,ThompsonSampling,ThompsonSampling,0,0,435,1.8807040452957153
436,ThompsonSampling,ThompsonSampling,0,0,436,1.2725163698196411
437,ThompsonSampling,ThompsonSampling,0,0,437,1.5432559251785278
438,ThompsonSampling,ThompsonSampling,0,0,438,1.7356722354888916
439,ThompsonSampling,ThompsonSampling,0,0,439,3.0192747116088867
440,ThompsonSampling,ThompsonSampling,0,0,440,1.85933256149292
441,ThompsonSampling,ThompsonSampling,0,0,441,1.9713490009307861
442,ThompsonSampling,ThompsonSampling,0,0,442,1.3479117155075073
443,ThompsonSampling,ThompsonSampling,0,0,443,1.973111629486084
444,ThompsonSampling,ThompsonSampling,0,0,444,1.5955538749694824
445,ThompsonSampling,ThompsonSampling,0,0,445,1.375907301902771
446,ThompsonSampling,ThompsonSampling,0,0,446,1.547960877418518
447,ThompsonSampling,ThompsonSampling,0,0,447,1.8873531818389893
448,ThompsonSampling,ThompsonSampling,0,0,448,1.7195451259613037
449,ThompsonSampling,ThompsonSampling,0,0,449,1.5762183666229248
450,ThompsonSampling,ThompsonSampling,0,0,450,1.4736781120300293
451,ThompsonSampling,ThompsonSampling,0,0,451,1.6508913040161133
452,ThompsonSampling,ThompsonSampling,0,0,452,1.7840793132781982
453,ThompsonSampling,ThompsonSampling,0,0,453,2.0945518016815186
454,ThompsonSampling,ThompsonSampling,0,0,454,2.0072755813598633
455,ThompsonSampling,ThompsonSampling,0,0,455,1.6533710956573486
456,ThompsonSampling,ThompsonSampling,0,0,456,1.3839068412780762
457,ThompsonSampling,ThompsonSampling,0,0,457,1.5808011293411255
458,ThompsonSampling,ThompsonSampling,0,0,458,2.1354024410247803
459,ThompsonSampling,ThompsonSampling,0,0,459,1.5234965085983276
460,ThompsonSampling,ThompsonSampling,0,0,460,1.329121470451355
461,ThompsonSampling,ThompsonSampling,0,0,461,1.4321013689041138
462,ThompsonSampling,ThompsonSampling,0,0,462,1.4993172883987427
463,ThompsonSampling,ThompsonSampling,0,0,463,1.5084257125854492
464,ThompsonSampling,ThompsonSampling,0,0,464,1.5971190929412842
465,ThompsonSampling,ThompsonSampling,0,0,465,1.770575761795044
466,ThompsonSampling,ThompsonSampling,0,0,466,1.4765832424163818
467,ThompsonSampling,ThompsonSampling,0,0,467,1.5026402473449707
468,ThompsonSampling,ThompsonSampling,0,0,468,1.2347849607467651
469,ThompsonSampling,ThompsonSampling,0,0,469,1.6741193532943726
470,ThompsonSampling,ThompsonSampling,0,0,470,1.9069641828536987
471,ThompsonSampling,ThompsonSampling,0,0,471,1.6288655996322632
472,ThompsonSampling,ThompsonSampling,0,0,472,1.3406583070755005
473,ThompsonSampling,ThompsonSampling,0,0,473,1.325516700744629
474,ThompsonSampling,ThompsonSampling,0,0,474,1.9489727020263672
475,ThompsonSampling,ThompsonSampling,0,0,475,1.8721269369125366
476,ThompsonSampling,ThompsonSampling,0,0,476,1.2116568088531494
477,ThompsonSampling,ThompsonSampling,0,0,477,1.4621984958648682
478,ThompsonSampling,ThompsonSampling,0,0,478,1.3155220746994019
479,ThompsonSampling,ThompsonSampling,0,0,479,1.5740687847137451
480,ThompsonSampling,ThompsonSampling,0,0,480,1.9950487613677979
481,ThompsonSampling,ThompsonSampling,0,0,481,1.47988760471344
482,ThompsonSampling,ThompsonSampling,0,0,482,1.757575511932373
483,ThompsonSampling,ThompsonSampling,0,0,483,1.5475304126739502
484,ThompsonSampling,ThompsonSampling,0,0,484,1.57939875125885
485,ThompsonSampling,ThompsonSampling,0,0,485,1.461714267730713
486,ThompsonSampling,ThompsonSampling,0,0,486,1.4306914806365967
487,ThompsonSampling,ThompsonSampling,0,0,487,1.6476576328277588
488,ThompsonSampling,ThompsonSampling,0,0,488,1.2960281372070312
489,ThompsonSampling,ThompsonSampling,0,0,489,1.3366279602050781
490,ThompsonSampling,ThompsonSampling,0,0,490,1.8771108388900757
491,ThompsonSampling,ThompsonSampling,0,0,491,1.5094729661941528
492,ThompsonSampling,ThompsonSampling,0,0,492,1.8469064235687256
493,ThompsonSampling,ThompsonSampling,0,0,493,1.2003880739212036
494,ThompsonSampling,ThompsonSampling,0,0,494,1.5670942068099976
495,ThompsonSampling,ThompsonSampling,0,0,495,1.3242653608322144
496,ThompsonSampling,ThompsonSampling,0,0,496,1.5777276754379272
497,ThompsonSampling,ThompsonSampling,0,0,497,1.1840319633483887
498,ThompsonSampling,ThompsonSampling,0,0,498,1.4542925357818604
499,ThompsonSampling,ThompsonSampling,0,0,499,1.7583204507827759
500,ThompsonSampling,ThompsonSampling,0,0,500,1.6099239587783813
501,ThompsonSampling,ThompsonSampling,0,0,501,1.4867682456970215
502,ThompsonSampling,ThompsonSampling,0,0,502,1.8068559169769287
503,ThompsonSampling,ThompsonSampling,0,0,503,1.3427525758743286
504,ThompsonSampling,ThompsonSampling,0,0,504,1.5849425792694092
505,ThompsonSampling,ThompsonSampling,0,0,505,1.9673627614974976
506,ThompsonSampling,ThompsonSampling,0,0,506,1.531301498413086
507,ThompsonSampling,ThompsonSampling,0,0,507,1.4964996576309204
508,ThompsonSampling,ThompsonSampling,0,0,508,1.3699861764907837
509,ThompsonSampling,ThompsonSampling,0,0,509,1.3029425144195557
510,ThompsonSampling,ThompsonSampling,0,0,510,1.538944959640503
511,ThompsonSampling,ThompsonSampling,0,0,511,1.6794432401657104
512,ThompsonSampling,ThompsonSampling,0,0,512,1.1861432790756226
513,ThompsonSampling,ThompsonSampling,0,0,513,2.1822268962860107
514,ThompsonSampling,ThompsonSampling,0,0,514,1.4923902750015259
515,ThompsonSampling,ThompsonSampling,0,0,515,1.4776535034179688
516,ThompsonSampling,ThompsonSampling,0,0,516,1.6610701084136963
517,ThompsonSampling,ThompsonSampling,0,0,517,1.666540503501892
518,ThompsonSampling,ThompsonSampling,0,0,518,1.8390121459960938
519,ThompsonSampling,ThompsonSampling,0,0,519,1.730873703956604
520,ThompsonSampling,ThompsonSampling,0,0,520,1.8484234809875488
521,ThompsonSampling,ThompsonSampling,0,0,521,1.5607171058654785
522,ThompsonSampling,ThompsonSampling,0,0,522,2.6842005252838135
523,ThompsonSampling,ThompsonSampling,0,0,523,1.1972098350524902
524,ThompsonSampling,ThompsonSampling,0,0,524,1.656156063079834
525,ThompsonSampling,ThompsonSampling,0,0,525,1.5984077453613281
526,ThompsonSampling,ThompsonSampling,0,0,526,1.284041404724121
527,ThompsonSampling,ThompsonSampling,0,0,527,1.4234201908111572
528,ThompsonSampling,ThompsonSampling,0,0,528,1.793565273284912
529,ThompsonSampling,ThompsonSampling,0,0,529,1.5059539079666138
530,ThompsonSampling,ThompsonSampling,0,0,530,1.5518923997879028
531,ThompsonSampling,ThompsonSampling,0,0,531,1.4552526473999023
532,ThompsonSampling,ThompsonSampling,0,0,532,1.6127339601516724
533,ThompsonSampling,ThompsonSampling,0,0,533,1.3939738273620605
534,ThompsonSampling,ThompsonSampling,0,0,534,1.788750171661377
535,ThompsonSampling,ThompsonSampling,0,0,535,1.9854060411453247
536,ThompsonSampling,ThompsonSampling,0,0,536,1.2704901695251465
537,ThompsonSampling,ThompsonSampling,0,0,537,1.6283727884292603
538,ThompsonSampling,ThompsonSampling,0,0,538,1.802564263343811
539,ThompsonSampling,ThompsonSampling,0,0,539,1.548437237739563
540,ThompsonSampling,ThompsonSampling,0,0,540,1.6634308099746704
541,ThompsonSampling,ThompsonSampling,0,0,541,1.9060285091400146
542,ThompsonSampling,ThompsonSampling,0,0,542,1.654758334159851
543,ThompsonSampling,ThompsonSampling,0,0,543,1.7875075340270996
544,ThompsonSampling,ThompsonSampling,0,0,544,1.730169653892517
545,ThompsonSampling,ThompsonSampling,0,0,545,2.2394161224365234
546,ThompsonSampling,ThompsonSampling,0,0,546,1.5311946868896484
547,ThompsonSampling,ThompsonSampling,0,0,547,1.2614127397537231
548,ThompsonSampling,ThompsonSampling,0,0,548,1.2510615587234497
549,ThompsonSampling,ThompsonSampling,0,0,549,1.4357858896255493
550,ThompsonSampling,ThompsonSampling,0,0,550,1.8045319318771362
551,ThompsonSampling,ThompsonSampling,0,0,551,1.443644642829895
552,ThompsonSampling,ThompsonSampling,0,0,552,1.6336809396743774
553,ThompsonSampling,ThompsonSampling,0,0,553,1.5970706939697266
554,ThompsonSampling,ThompsonSampling,0,0,554,1.5018292665481567
555,ThompsonSampling,ThompsonSampling,0,0,555,1.6331249475479126
556,ThompsonSampling,ThompsonSampling,0,0,556,1.8363277912139893
557,ThompsonSampling,ThompsonSampling,0,0,557,1.4760971069335938
558,ThompsonSampling,ThompsonSampling,0,0,558,1.578243374824524
559,ThompsonSampling,ThompsonSampling,0,0,559,1.6727309226989746
560,ThompsonSampling,ThompsonSampling,0,0,560,1.5617544651031494
561,ThompsonSampling,ThompsonSampling,0,0,561,1.9441075325012207
562,ThompsonSampling,ThompsonSampling,0,0,562,1.3953421115875244
563,ThompsonSampling,ThompsonSampling,0,0,563,1.5394306182861328
564,ThompsonSampling,ThompsonSampling,0,0,564,1.5036895275115967
565,ThompsonSampling,ThompsonSampling,0,0,565,1.478987693786621
566,ThompsonSampling,ThompsonSampling,0,0,566,1.4442782402038574
567,ThompsonSampling,ThompsonSampling,0,0,567,1.2435463666915894
568,ThompsonSampling,ThompsonSampling,0,0,568,1.6787426471710205
569,ThompsonSampling,ThompsonSampling,0,0,569,1.452614665031433
570,ThompsonSampling,ThompsonSampling,0,0,570,1.4719440937042236
571,ThompsonSampling,ThompsonSampling,0,0,571,1.9573930501937866
572,ThompsonSampling,ThompsonSampling,0,0,572,1.2941851615905762
573,ThompsonSampling,ThompsonSampling,0,0,573,1.599882960319519
574,ThompsonSampling,ThompsonSampling,0,0,574,1.6076502799987793
575,ThompsonSampling,ThompsonSampling,0,0,575,1.4747755527496338
576,ThompsonSampling,ThompsonSampling,0,0,576,1.847813606262207
577,ThompsonSampling,ThompsonSampling,0,0,577,1.8623508214950562
578,ThompsonSampling,ThompsonSampling,0,0,578,1.6698552370071411
579,ThompsonSampling,ThompsonSampling,0,0,579,1.5567693710327148
580,ThompsonSampling,ThompsonSampling,0,0,580,1.575413465499878
581,ThompsonSampling,ThompsonSampling,0,0,581,1.819850206375122
582,ThompsonSampling,ThompsonSampling,0,0,582,1.3107917308807373
583,ThompsonSampling,ThompsonSampling,0,0,583,1.6105265617370605
584,ThompsonSampling,ThompsonSampling,0,0,584,1.6604423522949219
585,ThompsonSampling,ThompsonSampling,0,0,585,1.575805425643921
586,ThompsonSampling,ThompsonSampling,0,0,586,1.6353538036346436
587,ThompsonSampling,ThompsonSampling,0,0,587,1.4179503917694092
588,ThompsonSampling,ThompsonSampling,0,0,588,2.065006732940674
589,ThompsonSampling,ThompsonSampling,0,0,589,1.642805814743042
590,ThompsonSampling,ThompsonSampling,0,0,590,1.3303579092025757
591,ThompsonSampling,ThompsonSampling,0,0,591,2.0769340991973877
592,ThompsonSampling,ThompsonSampling,0,0,592,2.1105058193206787
593,ThompsonSampling,ThompsonSampling,0,0,593,1.49026358127594
594,ThompsonSampling,ThompsonSampling,0,0,594,1.3055764436721802
595,ThompsonSampling,ThompsonSampling,0,0,595,1.2385122776031494
596,ThompsonSampling,ThompsonSampling,0,0,596,1.2548718452453613
597,ThompsonSampling,ThompsonSampling,0,0,597,2.1904518604278564
598,ThompsonSampling,ThompsonSampling,0,0,598,1.3007795810699463
599,ThompsonSampling,ThompsonSampling,0,0,599,1.6416438817977905
600,ThompsonSampling,ThompsonSampling,0,0,600,1.7020021677017212
601,ThompsonSampling,ThompsonSampling,0,0,601,1.5545669794082642
602,ThompsonSampling,ThompsonSampling,0,0,602,1.9972577095031738
603,ThompsonSampling,ThompsonSampling,0,0,603,1.3554073572158813
604,ThompsonSampling,ThompsonSampling,0,0,604,1.7636897563934326
605,ThompsonSampling,ThompsonSampling,0,0,605,1.3540008068084717
606,ThompsonSampling,ThompsonSampling,0,0,606,1.2048003673553467
607,ThompsonSampling,ThompsonSampling,0,0,607,2.8127081394195557
608,ThompsonSampling,ThompsonSampling,0,0,608,1.2415729761123657
609,ThompsonSampling,ThompsonSampling,0,0,609,1.4938219785690308
610,ThompsonSampling,ThompsonSampling,0,0,610,1.4211838245391846
611,ThompsonSampling,ThompsonSampling,0,0,611,1.5929713249206543
612,ThompsonSampling,ThompsonSampling,0,0,612,1.983251690864563
613,ThompsonSampling,ThompsonSampling,0,0,613,1.7660340070724487
614,ThompsonSampling,ThompsonSampling,0,0,614,1.646216630935669
615,ThompsonSampling,ThompsonSampling,0,0,615,1.6650538444519043
616,ThompsonSampling,ThompsonSampling,0,0,616,1.607422113418579
617,ThompsonSampling,ThompsonSampling,0,0,617,1.8986318111419678
618,ThompsonSampling,ThompsonSampling,0,0,618,1.6838704347610474
619,ThompsonSampling,ThompsonSampling,0,0,619,1.8272135257720947
620,ThompsonSampling,ThompsonSampling,0,0,620,1.9916266202926636
621,ThompsonSampling,ThompsonSampling,0,0,621,1.504226565361023
622,ThompsonSampling,ThompsonSampling,0,0,622,1.332566261291504
623,ThompsonSampling,ThompsonSampling,0,0,623,1.740586757659912
624,ThompsonSampling,ThompsonSampling,0,0,624,1.4801139831542969
625,ThompsonSampling,ThompsonSampling,0,0,625,1.3082754611968994
626,ThompsonSampling,ThompsonSampling,0,0,626,1.5560401678085327
627,ThompsonSampling,ThompsonSampling,0,0,627,1.5134360790252686
628,ThompsonSampling,ThompsonSampling,0,0,628,1.5940407514572144
629,ThompsonSampling,ThompsonSampling,0,0,629,1.4878367185592651
630,ThompsonSampling,ThompsonSampling,0,0,630,1.60676908493042
631,ThompsonSampling,ThompsonSampling,0,0,631,1.5118286609649658
632,ThompsonSampling,ThompsonSampling,0,0,632,1.1601589918136597
633,ThompsonSampling,ThompsonSampling,0,0,633,1.4243509769439697
634,ThompsonSampling,ThompsonSampling,0,0,634,1.7102779150009155
635,ThompsonSampling,ThompsonSampling,0,0,635,1.5489661693572998
636,ThompsonSampling,ThompsonSampling,0,0,636,1.4372599124908447
637,ThompsonSampling,ThompsonSampling,0,0,637,1.6346189975738525
638,ThompsonSampling,ThompsonSampling,0,0,638,1.3683905601501465
639,ThompsonSampling,ThompsonSampling,0,0,639,1.7466504573822021
640,ThompsonSampling,ThompsonSampling,0,0,640,2.0076186656951904
641,ThompsonSampling,ThompsonSampling,0,0,641,1.4091150760650635
642,ThompsonSampling,ThompsonSampling,0,0,642,2.005418300628662
643,ThompsonSampling,ThompsonSampling,0,0,643,1.3316892385482788
644,ThompsonSampling,ThompsonSampling,0,0,644,1.7332749366760254
645,ThompsonSampling,ThompsonSampling,0,0,645,1.5833020210266113
646,ThompsonSampling,ThompsonSampling,0,0,646,1.952685832977295
647,ThompsonSampling,ThompsonSampling,0,0,647,1.6048787832260132
648,ThompsonSampling,ThompsonSampling,0,0,648,1.5699169635772705
649,ThompsonSampling,ThompsonSampling,0,0,649,1.4966284036636353
650,ThompsonSampling,ThompsonSampling,0,0,650,1.519116997718811
651,ThompsonSampling,ThompsonSampling,0,0,651,1.709299921989441
652,ThompsonSampling,ThompsonSampling,0,0,652,1.8882027864456177
653,ThompsonSampling,ThompsonSampling,0,0,653,1.2158509492874146
654,ThompsonSampling,ThompsonSampling,0,0,654,1.3636943101882935
655,ThompsonSampling,ThompsonSampling,0,0,655,1.6534453630447388
656,ThompsonSampling,ThompsonSampling,0,0,656,2.1302034854888916
657,ThompsonSampling,ThompsonSampling,0,0,657,1.620161533355713
658,ThompsonSampling,ThompsonSampling,0,0,658,2.1168875694274902
659,ThompsonSampling,ThompsonSampling,0,0,659,1.6379581689834595
660,ThompsonSampling,ThompsonSampling,0,0,660,1.422128677368164
661,ThompsonSampling,ThompsonSampling,0,0,661,2.167159080505371
662,ThompsonSampling,ThompsonSampling,0,0,662,1.672190546989441
663,ThompsonSampling,ThompsonSampling,0,0,663,1.4018645286560059
664,ThompsonSampling,ThompsonSampling,0,0,664,2.085355758666992
665,ThompsonSampling,ThompsonSampling,0,0,665,1.3266147375106812
666,ThompsonSampling,ThompsonSampling,0,0,666,1.5387380123138428
667,ThompsonSampling,ThompsonSampling,0,0,667,1.6531177759170532
668,ThompsonSampling,ThompsonSampling,0,0,668,1.5875933170318604
669,ThompsonSampling,ThompsonSampling,0,0,669,1.5216237306594849
670,ThompsonSampling,ThompsonSampling,0,0,670,1.5102698802947998
671,ThompsonSampling,ThompsonSampling,0,0,671,1.7329312562942505
672,ThompsonSampling,ThompsonSampling,0,0,672,1.6425929069519043
673,ThompsonSampling,ThompsonSampling,0,0,673,1.771806240081787
674,ThompsonSampling,ThompsonSampling,0,0,674,1.3306963443756104
675,ThompsonSampling,ThompsonSampling,0,0,675,1.489098310470581
676,ThompsonSampling,ThompsonSampling,0,0,676,1.6098893880844116
677,ThompsonSampling,ThompsonSampling,0,0,677,1.5879868268966675
678,ThompsonSampling,ThompsonSampling,0,0,678,2.5170559883117676
679,ThompsonSampling,ThompsonSampling,0,0,679,1.7619056701660156
680,ThompsonSampling,ThompsonSampling,0,0,680,1.6366444826126099
681,ThompsonSampling,ThompsonSampling,0,0,681,1.8054862022399902
682,ThompsonSampling,ThompsonSampling,0,0,682,1.3349288702011108
683,ThompsonSampling,ThompsonSampling,0,0,683,1.6408354043960571
684,ThompsonSampling,ThompsonSampling,0,0,684,1.3528393507003784
685,ThompsonSampling,ThompsonSampling,0,0,685,1.4823709726333618
686,ThompsonSampling,ThompsonSampling,0,0,686,2.0813169479370117
687,ThompsonSampling,ThompsonSampling,0,0,687,1.4993035793304443
688,ThompsonSampling,ThompsonSampling,0,0,688,1.3303592205047607
689,ThompsonSampling,ThompsonSampling,0,0,689,1.597496747970581
690,ThompsonSampling,ThompsonSampling,0,0,690,1.6831324100494385
691,ThompsonSampling,ThompsonSampling,0,0,691,1.3244340419769287
692,ThompsonSampling,ThompsonSampling,0,0,692,1.9251080751419067
693,ThompsonSampling,ThompsonSampling,0,0,693,1.3830338716506958
694,ThompsonSampling,ThompsonSampling,0,0,694,1.5041733980178833
695,ThompsonSampling,ThompsonSampling,0,0,695,1.870558500289917
696,ThompsonSampling,ThompsonSampling,0,0,696,1.295984148979187
697,ThompsonSampling,ThompsonSampling,0,0,697,1.4332207441329956
698,ThompsonSampling,ThompsonSampling,0,0,698,1.3567522764205933
699,ThompsonSampling,ThompsonSampling,0,0,699,1.3289873600006104
700,ThompsonSampling,ThompsonSampling,0,0,700,1.4102708101272583
701,ThompsonSampling,ThompsonSampling,0,0,701,1.4702397584915161
702,ThompsonSampling,ThompsonSampling,0,0,702,1.6939481496810913
703,ThompsonSampling,ThompsonSampling,0,0,703,1.31548273563385
704,ThompsonSampling,ThompsonSampling,0,0,704,1.3930251598358154
705,ThompsonSampling,ThompsonSampling,0,0,705,2.0578701496124268
706,ThompsonSampling,ThompsonSampling,0,0,706,1.7803624868392944
707,ThompsonSampling,ThompsonSampling,0,0,707,1.4424242973327637
708,ThompsonSampling,ThompsonSampling,0,0,708,2.0162339210510254
709,ThompsonSampling,ThompsonSampling,0,0,709,1.479362964630127
710,ThompsonSampling,ThompsonSampling,0,0,710,2.073038339614868
711,ThompsonSampling,ThompsonSampling,0,0,711,1.8531721830368042
712,ThompsonSampling,ThompsonSampling,0,0,712,1.860487937927246
713,ThompsonSampling,ThompsonSampling,0,0,713,1.4792464971542358
714,ThompsonSampling,ThompsonSampling,0,0,714,1.8260364532470703
715,ThompsonSampling,ThompsonSampling,0,0,715,1.5346755981445312
716,ThompsonSampling,ThompsonSampling,0,0,716,1.7190818786621094
717,ThompsonSampling,ThompsonSampling,0,0,717,1.5917625427246094
718,ThompsonSampling,ThompsonSampling,0,0,718,1.3047667741775513
719,ThompsonSampling,ThompsonSampling,0,0,719,1.8909947872161865
720,ThompsonSampling,ThompsonSampling,0,0,720,1.4986259937286377
721,ThompsonSampling,ThompsonSampling,0,0,721,2.561154365539551
722,ThompsonSampling,ThompsonSampling,0,0,722,1.4145557880401611
723,ThompsonSampling,ThompsonSampling,0,0,723,2.0553581714630127
724,ThompsonSampling,ThompsonSampling,0,0,724,1.4757622480392456
725,ThompsonSampling,ThompsonSampling,0,0,725,2.0550835132598877
726,ThompsonSampling,ThompsonSampling,0,0,726,1.395084023475647
727,ThompsonSampling,ThompsonSampling,0,0,727,1.3621870279312134
728,ThompsonSampling,ThompsonSampling,0,0,728,1.2928184270858765
729,ThompsonSampling,ThompsonSampling,0,0,729,1.7859987020492554
730,ThompsonSampling,ThompsonSampling,0,0,730,2.0284366607666016
731,ThompsonSampling,ThompsonSampling,0,0,731,1.3085529804229736
732,ThompsonSampling,ThompsonSampling,0,0,732,1.6844580173492432
733,ThompsonSampling,ThompsonSampling,0,0,733,1.4723846912384033
734,ThompsonSampling,ThompsonSampling,0,0,734,1.3865692615509033
735,ThompsonSampling,ThompsonSampling,0,0,735,1.5378940105438232
736,ThompsonSampling,ThompsonSampling,0,0,736,1.4203311204910278
737,ThompsonSampling,ThompsonSampling,0,0,737,1.3869742155075073
738,ThompsonSampling,ThompsonSampling,0,0,738,1.4159339666366577
739,ThompsonSampling,ThompsonSampling,0,0,739,1.4100008010864258
740,ThompsonSampling,ThompsonSampling,0,0,740,1.1607062816619873
741,ThompsonSampling,ThompsonSampling,0,0,741,1.4417885541915894
742,ThompsonSampling,ThompsonSampling,0,0,742,1.3665227890014648
743,ThompsonSampling,ThompsonSampling,0,0,743,1.67976975440979
744,ThompsonSampling,ThompsonSampling,0,0,744,1.506569743156433
745,ThompsonSampling,ThompsonSampling,0,0,745,1.6417200565338135
746,ThompsonSampling,ThompsonSampling,0,0,746,2.500579595565796
747,ThompsonSampling,ThompsonSampling,0,0,747,1.404208779335022
748,ThompsonSampling,ThompsonSampling,0,0,748,1.2898539304733276
749,ThompsonSampling,ThompsonSampling,0,0,749,2.228252649307251
750,ThompsonSampling,ThompsonSampling,0,0,750,1.6603513956069946
751,ThompsonSampling,ThompsonSampling,0,0,751,1.593929409980774
752,ThompsonSampling,ThompsonSampling,0,0,752,1.7377338409423828
753,ThompsonSampling,ThompsonSampling,0,0,753,1.823731541633606
754,ThompsonSampling,ThompsonSampling,0,0,754,1.4504363536834717
755,ThompsonSampling,ThompsonSampling,0,0,755,1.5714279413223267
756,ThompsonSampling,ThompsonSampling,0,0,756,1.926071286201477
757,ThompsonSampling,ThompsonSampling,0,0,757,1.7782301902770996
758,ThompsonSampling,ThompsonSampling,0,0,758,1.2548662424087524
759,ThompsonSampling,ThompsonSampling,0,0,759,1.5474430322647095
760,ThompsonSampling,ThompsonSampling,0,0,760,1.2966160774230957
761,ThompsonSampling,ThompsonSampling,0,0,761,1.5736483335494995
762,ThompsonSampling,ThompsonSampling,0,0,762,1.2234008312225342
763,ThompsonSampling,ThompsonSampling,0,0,763,1.3340036869049072
764,ThompsonSampling,ThompsonSampling,0,0,764,1.6101502180099487
765,ThompsonSampling,ThompsonSampling,0,0,765,1.202937126159668
766,ThompsonSampling,ThompsonSampling,0,0,766,1.4250248670578003
767,ThompsonSampling,ThompsonSampling,0,0,767,1.5501419305801392
768,ThompsonSampling,ThompsonSampling,0,0,768,1.7065234184265137
769,ThompsonSampling,ThompsonSampling,0,0,769,1.7815065383911133
770,ThompsonSampling,ThompsonSampling,0,0,770,1.8663595914840698
771,ThompsonSampling,ThompsonSampling,0,0,771,1.391478419303894
772,ThompsonSampling,ThompsonSampling,0,0,772,1.2706423997879028
773,ThompsonSampling,ThompsonSampling,0,0,773,1.273589849472046
774,ThompsonSampling,ThompsonSampling,0,0,774,1.4250667095184326
775,ThompsonSampling,ThompsonSampling,0,0,775,1.543460488319397
776,ThompsonSampling,ThompsonSampling,0,0,776,1.392967700958252
777,ThompsonSampling,ThompsonSampling,0,0,777,1.5925700664520264
778,ThompsonSampling,ThompsonSampling,0,0,778,1.4853335618972778
779,ThompsonSampling,ThompsonSampling,0,0,779,1.2407153844833374
780,ThompsonSampling,ThompsonSampling,0,0,780,1.484300136566162
781,ThompsonSampling,ThompsonSampling,0,0,781,1.7074546813964844
782,ThompsonSampling,ThompsonSampling,0,0,782,1.564941644668579
783,ThompsonSampling,ThompsonSampling,0,0,783,1.471763014793396
784,ThompsonSampling,ThompsonSampling,0,0,784,1.6330751180648804
785,ThompsonSampling,ThompsonSampling,0,0,785,1.446405291557312
786,ThompsonSampling,ThompsonSampling,0,0,786,1.1852686405181885
787,ThompsonSampling,ThompsonSampling,0,0,787,1.3994678258895874
788,ThompsonSampling,ThompsonSampling,0,0,788,1.4862667322158813
789,ThompsonSampling,ThompsonSampling,0,0,789,1.6716350317001343
790,ThompsonSampling,ThompsonSampling,0,0,790,1.3717870712280273
791,ThompsonSampling,ThompsonSampling,0,0,791,1.3914543390274048
792,ThompsonSampling,ThompsonSampling,0,0,792,1.7392897605895996
793,ThompsonSampling,ThompsonSampling,0,0,793,1.648452877998352
794,ThompsonSampling,ThompsonSampling,0,0,794,1.59624445438385
795,ThompsonSampling,ThompsonSampling,0,0,795,1.7917085886001587
796,ThompsonSampling,ThompsonSampling,0,0,796,1.8913664817810059
797,ThompsonSampling,ThompsonSampling,0,0,797,1.739912986755371
798,ThompsonSampling,ThompsonSampling,0,0,798,1.4556500911712646
799,ThompsonSampling,ThompsonSampling,0,0,799,1.643804669380188
800,ThompsonSampling,ThompsonSampling,0,0,800,1.4474682807922363
801,ThompsonSampling,ThompsonSampling,0,0,801,1.6633219718933105
802,ThompsonSampling,ThompsonSampling,0,0,802,1.57697331905365
803,ThompsonSampling,ThompsonSampling,0,0,803,1.4290961027145386
804,ThompsonSampling,ThompsonSampling,0,0,804,1.4799964427947998
805,ThompsonSampling,ThompsonSampling,0,0,805,1.233622670173645
806,ThompsonSampling,ThompsonSampling,0,0,806,2.173133134841919
807,ThompsonSampling,ThompsonSampling,0,0,807,1.6493545770645142
808,ThompsonSampling,ThompsonSampling,0,0,808,1.7925291061401367
809,ThompsonSampling,ThompsonSampling,0,0,809,1.4971153736114502
810,ThompsonSampling,ThompsonSampling,0,0,810,1.2751209735870361
811,ThompsonSampling,ThompsonSampling,0,0,811,1.5887807607650757
812,ThompsonSampling,ThompsonSampling,0,0,812,1.3732613325119019
813,ThompsonSampling,ThompsonSampling,0,0,813,1.2246488332748413
814,ThompsonSampling,ThompsonSampling,0,0,814,2.0054662227630615
815,ThompsonSampling,ThompsonSampling,0,0,815,1.600171446800232
816,ThompsonSampling,ThompsonSampling,0,0,816,1.2869845628738403
817,ThompsonSampling,ThompsonSampling,0,0,817,1.5294170379638672
818,ThompsonSampling,ThompsonSampling,0,0,818,1.4197111129760742
819,ThompsonSampling,ThompsonSampling,0,0,819,1.7218657732009888
820,ThompsonSampling,ThompsonSampling,0,0,820,1.902708649635315
821,ThompsonSampling,ThompsonSampling,0,0,821,2.076819658279419
822,ThompsonSampling,ThompsonSampling,0,0,822,1.3072104454040527
823,ThompsonSampling,ThompsonSampling,0,0,823,1.4380134344100952
824,ThompsonSampling,ThompsonSampling,0,0,824,1.4145389795303345
825,ThompsonSampling,ThompsonSampling,0,0,825,1.8517721891403198
826,ThompsonSampling,ThompsonSampling,0,0,826,1.5862994194030762
827,ThompsonSampling,ThompsonSampling,0,0,827,1.9288064241409302
828,ThompsonSampling,ThompsonSampling,0,0,828,1.4865329265594482
829,ThompsonSampling,ThompsonSampling,0,0,829,1.515419840812683
830,ThompsonSampling,ThompsonSampling,0,0,830,1.427340030670166
831,ThompsonSampling,ThompsonSampling,0,0,831,1.4657230377197266
832,ThompsonSampling,ThompsonSampling,0,0,832,1.4454941749572754
833,ThompsonSampling,ThompsonSampling,0,0,833,1.545009970664978
834,ThompsonSampling,ThompsonSampling,0,0,834,1.6455782651901245
835,ThompsonSampling,ThompsonSampling,0,0,835,1.39139986038208
836,ThompsonSampling,ThompsonSampling,0,0,836,1.8332533836364746
837,ThompsonSampling,ThompsonSampling,0,0,837,1.3907183408737183
838,ThompsonSampling,ThompsonSampling,0,0,838,1.425402283668518
839,ThompsonSampling,ThompsonSampling,0,0,839,1.5361545085906982
840,ThompsonSampling,ThompsonSampling,0,0,840,2.0464961528778076
841,ThompsonSampling,ThompsonSampling,0,0,841,2.024238109588623
842,ThompsonSampling,ThompsonSampling,0,0,842,1.4491983652114868
843,ThompsonSampling,ThompsonSampling,0,0,843,1.5365333557128906
844,ThompsonSampling,ThompsonSampling,0,0,844,1.5861964225769043
845,ThompsonSampling,ThompsonSampling,0,0,845,1.8513938188552856
846,ThompsonSampling,ThompsonSampling,0,0,846,2.02850604057312
847,ThompsonSampling,ThompsonSampling,0,0,847,1.5418219566345215
848,ThompsonSampling,ThompsonSampling,0,0,848,1.5295289754867554
849,ThompsonSampling,ThompsonSampling,0,0,849,1.4913536310195923
850,ThompsonSampling,ThompsonSampling,0,0,850,1.4497629404067993
851,ThompsonSampling,ThompsonSampling,0,0,851,1.0855969190597534
852,ThompsonSampling,ThompsonSampling,0,0,852,1.5289132595062256
853,ThompsonSampling,ThompsonSampling,0,0,853,1.8703992366790771
854,ThompsonSampling,ThompsonSampling,0,0,854,1.6263985633850098
855,ThompsonSampling,ThompsonSampling,0,0,855,1.4220302104949951
856,ThompsonSampling,ThompsonSampling,0,0,856,1.5547549724578857
857,ThompsonSampling,ThompsonSampling,0,0,857,1.7877776622772217
858,ThompsonSampling,ThompsonSampling,0,0,858,1.3288065195083618
859,ThompsonSampling,ThompsonSampling,0,0,859,1.8581609725952148
860,ThompsonSampling,ThompsonSampling,0,0,860,1.3109397888183594
861,ThompsonSampling,ThompsonSampling,0,0,861,1.4586255550384521
862,ThompsonSampling,ThompsonSampling,0,0,862,1.4676330089569092
863,ThompsonSampling,ThompsonSampling,0,0,863,1.5168910026550293
864,ThompsonSampling,ThompsonSampling,0,0,864,1.9689500331878662
865,ThompsonSampling,ThompsonSampling,0,0,865,1.308693289756775
866,ThompsonSampling,ThompsonSampling,0,0,866,1.9135870933532715
867,ThompsonSampling,ThompsonSampling,0,0,867,1.3378156423568726
868,ThompsonSampling,ThompsonSampling,0,0,868,2.3368608951568604
869,ThompsonSampling,ThompsonSampling,0,0,869,1.9705671072006226
870,ThompsonSampling,ThompsonSampling,0,0,870,1.4635261297225952
871,ThompsonSampling,ThompsonSampling,0,0,871,1.3751778602600098
872,ThompsonSampling,ThompsonSampling,0,0,872,1.6678814888000488
873,ThompsonSampling,ThompsonSampling,0,0,873,1.3261854648590088
874,ThompsonSampling,ThompsonSampling,0,0,874,1.4672949314117432
875,ThompsonSampling,ThompsonSampling,0,0,875,1.169146180152893
876,ThompsonSampling,ThompsonSampling,0,0,876,2.409996747970581
877,ThompsonSampling,ThompsonSampling,0,0,877,1.7079427242279053
878,ThompsonSampling,ThompsonSampling,0,0,878,2.696570873260498
879,ThompsonSampling,ThompsonSampling,0,0,879,1.552193284034729
880,ThompsonSampling,ThompsonSampling,0,0,880,1.6363375186920166
881,ThompsonSampling,ThompsonSampling,0,0,881,1.8714600801467896
882,ThompsonSampling,ThompsonSampling,0,0,882,1.984467625617981
883,ThompsonSampling,ThompsonSampling,0,0,883,1.4060767889022827
884,ThompsonSampling,ThompsonSampling,0,0,884,1.2412077188491821
885,ThompsonSampling,ThompsonSampling,0,0,885,1.5849510431289673
886,ThompsonSampling,ThompsonSampling,0,0,886,1.4223686456680298
887,ThompsonSampling,ThompsonSampling,0,0,887,1.897935390472412
888,ThompsonSampling,ThompsonSampling,0,0,888,1.4181400537490845
889,ThompsonSampling,ThompsonSampling,0,0,889,1.3215866088867188
890,ThompsonSampling,ThompsonSampling,0,0,890,1.1986229419708252
891,ThompsonSampling,ThompsonSampling,0,0,891,1.4531564712524414
892,ThompsonSampling,ThompsonSampling,0,0,892,1.4344855546951294
893,ThompsonSampling,ThompsonSampling,0,0,893,1.5636534690856934
894,ThompsonSampling,ThompsonSampling,0,0,894,1.9846141338348389
895,ThompsonSampling,ThompsonSampling,0,0,895,1.8158692121505737
896,ThompsonSampling,ThompsonSampling,0,0,896,1.4150749444961548
897,ThompsonSampling,ThompsonSampling,0,0,897,1.652207374572754
898,ThompsonSampling,ThompsonSampling,0,0,898,1.253272294998169
899,ThompsonSampling,ThompsonSampling,0,0,899,1.7792481184005737
900,ThompsonSampling,ThompsonSampling,0,0,900,1.161824107170105
901,ThompsonSampling,ThompsonSampling,0,0,901,1.2134288549423218
902,ThompsonSampling,ThompsonSampling,0,0,902,1.9676074981689453
903,ThompsonSampling,ThompsonSampling,0,0,903,1.2986571788787842
904,ThompsonSampling,ThompsonSampling,0,0,904,1.4682202339172363
905,ThompsonSampling,ThompsonSampling,0,0,905,1.202327847480774
906,ThompsonSampling,ThompsonSampling,0,0,906,1.457293152809143
907,ThompsonSampling,ThompsonSampling,0,0,907,2.100996971130371
908,ThompsonSampling,ThompsonSampling,0,0,908,1.594118356704712
909,ThompsonSampling,ThompsonSampling,0,0,909,1.536003828048706
910,ThompsonSampling,ThompsonSampling,0,0,910,1.6054273843765259
911,ThompsonSampling,ThompsonSampling,0,0,911,1.5310126543045044
912,ThompsonSampling,ThompsonSampling,0,0,912,2.0135037899017334
913,ThompsonSampling,ThompsonSampling,0,0,913,1.2788071632385254
914,ThompsonSampling,ThompsonSampling,0,0,914,1.4791899919509888
915,ThompsonSampling,ThompsonSampling,0,0,915,1.7780086994171143
916,ThompsonSampling,ThompsonSampling,0,0,916,1.5010809898376465
917,ThompsonSampling,ThompsonSampling,0,0,917,1.6147363185882568
918,ThompsonSampling,ThompsonSampling,0,0,918,2.4670441150665283
919,ThompsonSampling,ThompsonSampling,0,0,919,1.8732028007507324
920,ThompsonSampling,ThompsonSampling,0,0,920,1.3613214492797852
921,ThompsonSampling,ThompsonSampling,0,0,921,1.3504670858383179
922,ThompsonSampling,ThompsonSampling,0,0,922,1.7543953657150269
923,ThompsonSampling,ThompsonSampling,0,0,923,1.588313341140747
924,ThompsonSampling,ThompsonSampling,0,0,924,1.7987874746322632
925,ThompsonSampling,ThompsonSampling,0,0,925,1.782252311706543
926,ThompsonSampling,ThompsonSampling,0,0,926,1.5800652503967285
927,ThompsonSampling,ThompsonSampling,0,0,927,1.4919284582138062
928,ThompsonSampling,ThompsonSampling,0,0,928,1.4756174087524414
929,ThompsonSampling,ThompsonSampling,0,0,929,1.4992755651474
930,ThompsonSampling,ThompsonSampling,0,0,930,1.4986355304718018
931,ThompsonSampling,ThompsonSampling,0,0,931,1.410050630569458
932,ThompsonSampling,ThompsonSampling,0,0,932,1.4668558835983276
933,ThompsonSampling,ThompsonSampling,0,0,933,1.8669557571411133
934,ThompsonSampling,ThompsonSampling,0,0,934,1.500793695449829
935,ThompsonSampling,ThompsonSampling,0,0,935,1.2811095714569092
936,ThompsonSampling,ThompsonSampling,0,0,936,1.552406668663025
937,ThompsonSampling,ThompsonSampling,0,0,937,2.019334077835083
938,ThompsonSampling,ThompsonSampling,0,0,938,1.7151291370391846
939,ThompsonSampling,ThompsonSampling,0,0,939,1.9252634048461914
940,ThompsonSampling,ThompsonSampling,0,0,940,1.6184314489364624
941,ThompsonSampling,ThompsonSampling,0,0,941,1.5546091794967651
942,ThompsonSampling,ThompsonSampling,0,0,942,1.4481086730957031
943,ThompsonSampling,ThompsonSampling,0,0,943,1.3629708290100098
944,ThompsonSampling,ThompsonSampling,0,0,944,1.4626919031143188
945,ThompsonSampling,ThompsonSampling,0,0,945,1.4983996152877808
946,ThompsonSampling,ThompsonSampling,0,0,946,1.61039137840271
947,ThompsonSampling,ThompsonSampling,0,0,947,1.572774052619934
948,ThompsonSampling,ThompsonSampling,0,0,948,2.209343194961548
949,ThompsonSampling,ThompsonSampling,0,0,949,1.6246787309646606
950,ThompsonSampling,ThompsonSampling,0,0,950,1.7377607822418213
951,ThompsonSampling,ThompsonSampling,0,0,951,1.4073976278305054
952,ThompsonSampling,ThompsonSampling,0,0,952,1.921147108078003
953,ThompsonSampling,ThompsonSampling,0,0,953,1.2392140626907349
954,ThompsonSampling,ThompsonSampling,0,0,954,1.4518131017684937
955,ThompsonSampling,ThompsonSampling,0,0,955,1.6457366943359375
956,ThompsonSampling,ThompsonSampling,0,0,956,1.4854756593704224
957,ThompsonSampling,ThompsonSampling,0,0,957,1.3841489553451538
958,ThompsonSampling,ThompsonSampling,0,0,958,1.4303514957427979
959,ThompsonSampling,ThompsonSampling,0,0,959,1.416705846786499
960,ThompsonSampling,ThompsonSampling,0,0,960,1.7038995027542114
961,ThompsonSampling,ThompsonSampling,0,0,961,1.8497110605239868
962,ThompsonSampling,ThompsonSampling,0,0,962,1.307226538658142
963,ThompsonSampling,ThompsonSampling,0,0,963,1.4926375150680542
964,ThompsonSampling,ThompsonSampling,0,0,964,1.5555394887924194
965,ThompsonSampling,ThompsonSampling,0,0,965,1.8108434677124023
966,ThompsonSampling,ThompsonSampling,0,0,966,1.5536398887634277
967,ThompsonSampling,ThompsonSampling,0,0,967,1.557783603668213
968,ThompsonSampling,ThompsonSampling,0,0,968,1.4505562782287598
969,ThompsonSampling,ThompsonSampling,0,0,969,1.7892069816589355
970,ThompsonSampling,ThompsonSampling,0,0,970,1.6044161319732666
971,ThompsonSampling,ThompsonSampling,0,0,971,1.5668729543685913
972,ThompsonSampling,ThompsonSampling,0,0,972,1.4103424549102783
973,ThompsonSampling,ThompsonSampling,0,0,973,1.490851640701294
974,ThompsonSampling,ThompsonSampling,0,0,974,1.6933385133743286
975,ThompsonSampling,ThompsonSampling,0,0,975,2.4469125270843506
976,ThompsonSampling,ThompsonSampling,0,0,976,1.3960191011428833
977,ThompsonSampling,ThompsonSampling,0,0,977,1.5439698696136475
978,ThompsonSampling,ThompsonSampling,0,0,978,1.6884907484054565
979,ThompsonSampling,ThompsonSampling,0,0,979,1.2737369537353516
980,ThompsonSampling,ThompsonSampling,0,0,980,1.589941143989563
981,ThompsonSampling,ThompsonSampling,0,0,981,1.6362905502319336
982,ThompsonSampling,ThompsonSampling,0,0,982,1.4803752899169922
983,ThompsonSampling,ThompsonSampling,0,0,983,1.812699317932129
984,ThompsonSampling,ThompsonSampling,0,0,984,1.6525412797927856
985,ThompsonSampling,ThompsonSampling,0,0,985,1.479431390762329
986,ThompsonSampling,ThompsonSampling,0,0,986,1.6361875534057617
987,ThompsonSampling,ThompsonSampling,0,0,987,1.623862862586975
988,ThompsonSampling,ThompsonSampling,0,0,988,1.3690199851989746
989,ThompsonSampling,ThompsonSampling,0,0,989,1.313707947731018
990,ThompsonSampling,ThompsonSampling,0,0,990,1.5608694553375244
991,ThompsonSampling,ThompsonSampling,0,0,991,1.6477912664413452
992,ThompsonSampling,ThompsonSampling,0,0,992,1.4978773593902588
993,ThompsonSampling,ThompsonSampling,0,0,993,1.5719919204711914
994,ThompsonSampling,ThompsonSampling,0,0,994,1.7357069253921509
995,ThompsonSampling,ThompsonSampling,0,0,995,1.2088288068771362
996,ThompsonSampling,ThompsonSampling,0,0,996,1.339978575706482
997,ThompsonSampling,ThompsonSampling,0,0,997,1.629345178604126
998,ThompsonSampling,ThompsonSampling,0,0,998,1.6281400918960571
999,ThompsonSampling,ThompsonSampling,0,0,999,1.6765739917755127
1000,ThompsonSampling,ThompsonSampling,0,1,0,1.1993886232376099
1001,ThompsonSampling,ThompsonSampling,0,1,1,1.185240387916565
1002,ThompsonSampling,ThompsonSampling,0,1,2,1.2704825401306152
1003,ThompsonSampling,ThompsonSampling,0,1,3,1.4161423444747925
1004,ThompsonSampling,ThompsonSampling,0,1,4,1.0252954959869385
1005,ThompsonSampling,ThompsonSampling,0,1,5,1.087554693222046
1006,ThompsonSampling,ThompsonSampling,0,1,6,1.0670969486236572
1007,ThompsonSampling,ThompsonSampling,0,1,7,1.3480247259140015
1008,ThompsonSampling,ThompsonSampling,0,1,8,1.2720274925231934
1009,ThompsonSampling,ThompsonSampling,0,1,9,1.2658336162567139
1010,ThompsonSampling,ThompsonSampling,0,1,10,1.4026316404342651
1011,ThompsonSampling,ThompsonSampling,0,1,11,1.1409399509429932
1012,ThompsonSampling,ThompsonSampling,0,1,12,1.3278313875198364
1013,ThompsonSampling,ThompsonSampling,0,1,13,1.1346447467803955
1014,ThompsonSampling,ThompsonSampling,0,1,14,0.9879055619239807
1015,ThompsonSampling,ThompsonSampling,0,1,15,1.3614883422851562
1016,ThompsonSampling,ThompsonSampling,0,1,16,1.5278723239898682
1017,ThompsonSampling,ThompsonSampling,0,1,17,1.4011324644088745
1018,ThompsonSampling,ThompsonSampling,0,1,18,1.2062498331069946
1019,ThompsonSampling,ThompsonSampling,0,1,19,1.0940314531326294
1020,ThompsonSampling,ThompsonSampling,0,1,20,1.3358376026153564
1021,ThompsonSampling,ThompsonSampling,0,1,21,1.1274592876434326
1022,ThompsonSampling,ThompsonSampling,0,1,22,0.9759653210639954
1023,ThompsonSampling,ThompsonSampling,0,1,23,1.2628413438796997
1024,ThompsonSampling,ThompsonSampling,0,1,24,1.1696016788482666
1025,ThompsonSampling,ThompsonSampling,0,1,25,1.5564751625061035
1026,ThompsonSampling,ThompsonSampling,0,1,26,1.3386359214782715
1027,ThompsonSampling,ThompsonSampling,0,1,27,1.2349660396575928
1028,ThompsonSampling,ThompsonSampling,0,1,28,1.1696258783340454
1029,ThompsonSampling,ThompsonSampling,0,1,29,1.227996826171875
1030,ThompsonSampling,ThompsonSampling,0,1,30,0.9832412600517273
1031,ThompsonSampling,ThompsonSampling,0,1,31,1.1310172080993652
1032,ThompsonSampling,ThompsonSampling,0,1,32,1.3074102401733398
1033,ThompsonSampling,ThompsonSampling,0,1,33,1.2350372076034546
1034,ThompsonSampling,ThompsonSampling,0,1,34,1.0937260389328003
1035,ThompsonSampling,ThompsonSampling,0,1,35,1.0817914009094238
1036,ThompsonSampling,ThompsonSampling,0,1,36,1.220152497291565
1037,ThompsonSampling,ThompsonSampling,0,1,37,1.1960883140563965
1038,ThompsonSampling,ThompsonSampling,0,1,38,1.3071799278259277
1039,ThompsonSampling,ThompsonSampling,0,1,39,1.0146604776382446
1040,ThompsonSampling,ThompsonSampling,0,1,40,1.380807638168335
1041,ThompsonSampling,ThompsonSampling,0,1,41,1.317371129989624
1042,ThompsonSampling,ThompsonSampling,0,1,42,1.2795183658599854
1043,ThompsonSampling,ThompsonSampling,0,1,43,1.4203402996063232
1044,ThompsonSampling,ThompsonSampling,0,1,44,1.0247408151626587
1045,ThompsonSampling,ThompsonSampling,0,1,45,1.1431565284729004
1046,ThompsonSampling,ThompsonSampling,0,1,46,1.1338739395141602
1047,ThompsonSampling,ThompsonSampling,0,1,47,1.248648762702942
1048,ThompsonSampling,ThompsonSampling,0,1,48,1.29281485080719
1049,ThompsonSampling,ThompsonSampling,0,1,49,1.2633311748504639
1050,ThompsonSampling,ThompsonSampling,0,1,50,1.0073875188827515
1051,ThompsonSampling,ThompsonSampling,0,1,51,1.2371578216552734
1052,ThompsonSampling,ThompsonSampling,0,1,52,0.968451976776123
1053,ThompsonSampling,ThompsonSampling,0,1,53,1.0855891704559326
1054,ThompsonSampling,ThompsonSampling,0,1,54,1.2735060453414917
1055,ThompsonSampling,ThompsonSampling,0,1,55,0.9748740196228027
1056,ThompsonSampling,ThompsonSampling,0,1,56,1.0422645807266235
1057,ThompsonSampling,ThompsonSampling,0,1,57,1.1103978157043457
1058,ThompsonSampling,ThompsonSampling,0,1,58,1.3328737020492554
1059,ThompsonSampling,ThompsonSampling,0,1,59,1.194905161857605
1060,ThompsonSampling,ThompsonSampling,0,1,60,1.2695837020874023
1061,ThompsonSampling,ThompsonSampling,0,1,61,1.3045587539672852
1062,ThompsonSampling,ThompsonSampling,0,1,62,1.0501625537872314
1063,ThompsonSampling,ThompsonSampling,0,1,63,1.8696845769882202
1064,ThompsonSampling,ThompsonSampling,0,1,64,1.165097713470459
1065,ThompsonSampling,ThompsonSampling,0,1,65,1.0228192806243896
1066,ThompsonSampling,ThompsonSampling,0,1,66,1.2425090074539185
1067,ThompsonSampling,ThompsonSampling,0,1,67,1.0576882362365723
1068,ThompsonSampling,ThompsonSampling,0,1,68,1.2979764938354492
1069,ThompsonSampling,ThompsonSampling,0,1,69,1.3036987781524658
1070,ThompsonSampling,ThompsonSampling,0,1,70,1.281440019607544
1071,ThompsonSampling,ThompsonSampling,0,1,71,1.1710457801818848
1072,ThompsonSampling,ThompsonSampling,0,1,72,1.4897483587265015
1073,ThompsonSampling,ThompsonSampling,0,1,73,1.1783958673477173
1074,ThompsonSampling,ThompsonSampling,0,1,74,1.2235976457595825
1075,ThompsonSampling,ThompsonSampling,0,1,75,1.1131154298782349
1076,ThompsonSampling,ThompsonSampling,0,1,76,1.2423416376113892
1077,ThompsonSampling,ThompsonSampling,0,1,77,1.680097222328186
1078,ThompsonSampling,ThompsonSampling,0,1,78,1.2251826524734497
1079,ThompsonSampling,ThompsonSampling,0,1,79,1.6091959476470947
1080,ThompsonSampling,ThompsonSampling,0,1,80,1.4278571605682373
1081,ThompsonSampling,ThompsonSampling,0,1,81,1.0387704372406006
1082,ThompsonSampling,ThompsonSampling,0,1,82,1.312062382698059
1083,ThompsonSampling,ThompsonSampling,0,1,83,1.154956340789795
1084,ThompsonSampling,ThompsonSampling,0,1,84,1.7079459428787231
1085,ThompsonSampling,ThompsonSampling,0,1,85,1.4125497341156006
1086,ThompsonSampling,ThompsonSampling,0,1,86,1.2157032489776611
1087,ThompsonSampling,ThompsonSampling,0,1,87,1.2990669012069702
1088,ThompsonSampling,ThompsonSampling,0,1,88,1.1218785047531128
1089,ThompsonSampling,ThompsonSampling,0,1,89,1.2333401441574097
1090,ThompsonSampling,ThompsonSampling,0,1,90,1.082720398902893
1091,ThompsonSampling,ThompsonSampling,0,1,91,1.1887589693069458
1092,ThompsonSampling,ThompsonSampling,0,1,92,1.198722004890442
1093,ThompsonSampling,ThompsonSampling,0,1,93,1.2092773914337158
1094,ThompsonSampling,ThompsonSampling,0,1,94,1.0909758806228638
1095,ThompsonSampling,ThompsonSampling,0,1,95,1.443718671798706
1096,ThompsonSampling,ThompsonSampling,0,1,96,1.098960518836975
1097,ThompsonSampling,ThompsonSampling,0,1,97,1.5343271493911743
1098,ThompsonSampling,ThompsonSampling,0,1,98,1.6716549396514893
1099,ThompsonSampling,ThompsonSampling,0,1,99,1.2970701456069946
1100,ThompsonSampling,ThompsonSampling,0,1,100,1.1490058898925781
1101,ThompsonSampling,ThompsonSampling,0,1,101,1.3910307884216309
1102,ThompsonSampling,ThompsonSampling,0,1,102,1.301597237586975
1103,ThompsonSampling,ThompsonSampling,0,1,103,1.4911247491836548
1104,ThompsonSampling,ThompsonSampling,0,1,104,1.2326911687850952
1105,ThompsonSampling,ThompsonSampling,0,1,105,1.1858408451080322
1106,ThompsonSampling,ThompsonSampling,0,1,106,1.2853999137878418
1107,ThompsonSampling,ThompsonSampling,0,1,107,1.2859833240509033
1108,ThompsonSampling,ThompsonSampling,0,1,108,1.3585078716278076
1109,ThompsonSampling,ThompsonSampling,0,1,109,1.2422457933425903
1110,ThompsonSampling,ThompsonSampling,0,1,110,1.3377918004989624
1111,ThompsonSampling,ThompsonSampling,0,1,111,1.437696933746338
1112,ThompsonSampling,ThompsonSampling,0,1,112,1.246645212173462
1113,ThompsonSampling,ThompsonSampling,0,1,113,1.497036337852478
1114,ThompsonSampling,ThompsonSampling,0,1,114,1.580782413482666
1115,ThompsonSampling,ThompsonSampling,0,1,115,1.3500661849975586
1116,ThompsonSampling,ThompsonSampling,0,1,116,1.2857792377471924
1117,ThompsonSampling,ThompsonSampling,0,1,117,1.02367103099823
1118,ThompsonSampling,ThompsonSampling,0,1,118,1.0860192775726318
1119,ThompsonSampling,ThompsonSampling,0,1,119,1.12397038936615
1120,ThompsonSampling,ThompsonSampling,0,1,120,2.01460862159729
1121,ThompsonSampling,ThompsonSampling,0,1,121,1.0962517261505127
1122,ThompsonSampling,ThompsonSampling,0,1,122,1.6877822875976562
1123,ThompsonSampling,ThompsonSampling,0,1,123,1.2438902854919434
1124,ThompsonSampling,ThompsonSampling,0,1,124,1.4009135961532593
1125,ThompsonSampling,ThompsonSampling,0,1,125,1.204513430595398
1126,ThompsonSampling,ThompsonSampling,0,1,126,1.4904478788375854
1127,ThompsonSampling,ThompsonSampling,0,1,127,1.398097038269043
1128,ThompsonSampling,ThompsonSampling,0,1,128,1.4083154201507568
1129,ThompsonSampling,ThompsonSampling,0,1,129,1.3366115093231201
1130,ThompsonSampling,ThompsonSampling,0,1,130,1.2985962629318237
1131,ThompsonSampling,ThompsonSampling,0,1,131,1.3504281044006348
1132,ThompsonSampling,ThompsonSampling,0,1,132,0.9714502096176147
1133,ThompsonSampling,ThompsonSampling,0,1,133,1.175024390220642
1134,ThompsonSampling,ThompsonSampling,0,1,134,1.2009295225143433
1135,ThompsonSampling,ThompsonSampling,0,1,135,1.4711716175079346
1136,ThompsonSampling,ThompsonSampling,0,1,136,1.1939396858215332
1137,ThompsonSampling,ThompsonSampling,0,1,137,1.1862242221832275
1138,ThompsonSampling,ThompsonSampling,0,1,138,1.2253293991088867
1139,ThompsonSampling,ThompsonSampling,0,1,139,1.101828694343567
1140,ThompsonSampling,ThompsonSampling,0,1,140,1.1151721477508545
1141,ThompsonSampling,ThompsonSampling,0,1,141,1.2592148780822754
1142,ThompsonSampling,ThompsonSampling,0,1,142,1.0660215616226196
1143,ThompsonSampling,ThompsonSampling,0,1,143,1.249401330947876
1144,ThompsonSampling,ThompsonSampling,0,1,144,1.1306425333023071
1145,ThompsonSampling,ThompsonSampling,0,1,145,1.3192853927612305
1146,ThompsonSampling,ThompsonSampling,0,1,146,1.365709900856018
1147,ThompsonSampling,ThompsonSampling,0,1,147,0.9863090515136719
1148,ThompsonSampling,ThompsonSampling,0,1,148,1.383495569229126
1149,ThompsonSampling,ThompsonSampling,0,1,149,1.3004344701766968
1150,ThompsonSampling,ThompsonSampling,0,1,150,1.1800384521484375
1151,ThompsonSampling,ThompsonSampling,0,1,151,1.4038397073745728
1152,ThompsonSampling,ThompsonSampling,0,1,152,1.0278559923171997
1153,ThompsonSampling,ThompsonSampling,0,1,153,1.308118462562561
1154,ThompsonSampling,ThompsonSampling,0,1,154,1.792520523071289
1155,ThompsonSampling,ThompsonSampling,0,1,155,1.1652051210403442
1156,ThompsonSampling,ThompsonSampling,0,1,156,1.2317675352096558
1157,ThompsonSampling,ThompsonSampling,0,1,157,1.167456030845642
1158,ThompsonSampling,ThompsonSampling,0,1,158,1.1931806802749634
1159,ThompsonSampling,ThompsonSampling,0,1,159,1.280470609664917
1160,ThompsonSampling,ThompsonSampling,0,1,160,1.1812680959701538
1161,ThompsonSampling,ThompsonSampling,0,1,161,1.1224619150161743
1162,ThompsonSampling,ThompsonSampling,0,1,162,1.066642165184021
1163,ThompsonSampling,ThompsonSampling,0,1,163,1.2066738605499268
1164,ThompsonSampling,ThompsonSampling,0,1,164,1.0314542055130005
1165,ThompsonSampling,ThompsonSampling,0,1,165,1.4506117105484009
1166,ThompsonSampling,ThompsonSampling,0,1,166,1.443071722984314
1167,ThompsonSampling,ThompsonSampling,0,1,167,1.1671466827392578
1168,ThompsonSampling,ThompsonSampling,0,1,168,1.1352472305297852
1169,ThompsonSampling,ThompsonSampling,0,1,169,1.281874418258667
1170,ThompsonSampling,ThompsonSampling,0,1,170,1.710606575012207
1171,ThompsonSampling,ThompsonSampling,0,1,171,1.3051844835281372
1172,ThompsonSampling,ThompsonSampling,0,1,172,0.9820377826690674
1173,ThompsonSampling,ThompsonSampling,0,1,173,1.1534878015518188
1174,ThompsonSampling,ThompsonSampling,0,1,174,1.111803650856018
1175,ThompsonSampling,ThompsonSampling,0,1,175,1.4880247116088867
1176,ThompsonSampling,ThompsonSampling,0,1,176,1.0938392877578735
1177,ThompsonSampling,ThompsonSampling,0,1,177,1.1003894805908203
1178,ThompsonSampling,ThompsonSampling,0,1,178,1.2408052682876587
1179,ThompsonSampling,ThompsonSampling,0,1,179,1.3408704996109009
1180,ThompsonSampling,ThompsonSampling,0,1,180,1.557240605354309
1181,ThompsonSampling,ThompsonSampling,0,1,181,1.2916117906570435
1182,ThompsonSampling,ThompsonSampling,0,1,182,1.2148772478103638
1183,ThompsonSampling,ThompsonSampling,0,1,183,1.0535072088241577
1184,ThompsonSampling,ThompsonSampling,0,1,184,1.170124888420105
1185,ThompsonSampling,ThompsonSampling,0,1,185,1.0786572694778442
1186,ThompsonSampling,ThompsonSampling,0,1,186,1.259740948677063
1187,ThompsonSampling,ThompsonSampling,0,1,187,1.1268196105957031
1188,ThompsonSampling,ThompsonSampling,0,1,188,1.3551976680755615
1189,ThompsonSampling,ThompsonSampling,0,1,189,1.0862605571746826
1190,ThompsonSampling,ThompsonSampling,0,1,190,1.133357286453247
1191,ThompsonSampling,ThompsonSampling,0,1,191,1.1727293729782104
1192,ThompsonSampling,ThompsonSampling,0,1,192,1.1986970901489258
1193,ThompsonSampling,ThompsonSampling,0,1,193,1.32957923412323
1194,ThompsonSampling,ThompsonSampling,0,1,194,1.2458769083023071
1195,ThompsonSampling,ThompsonSampling,0,1,195,1.314518690109253
1196,ThompsonSampling,ThompsonSampling,0,1,196,1.2492575645446777
1197,ThompsonSampling,ThompsonSampling,0,1,197,1.374711275100708
1198,ThompsonSampling,ThompsonSampling,0,1,198,1.323181390762329
1199,ThompsonSampling,ThompsonSampling,0,1,199,1.3816639184951782
1200,ThompsonSampling,ThompsonSampling,0,1,200,1.1319974660873413
1201,ThompsonSampling,ThompsonSampling,0,1,201,1.302772879600525
1202,ThompsonSampling,ThompsonSampling,0,1,202,1.239941120147705
1203,ThompsonSampling,ThompsonSampling,0,1,203,1.1953948736190796
1204,ThompsonSampling,ThompsonSampling,0,1,204,1.0429130792617798
1205,ThompsonSampling,ThompsonSampling,0,1,205,1.0398588180541992
1206,ThompsonSampling,ThompsonSampling,0,1,206,1.1842842102050781
1207,ThompsonSampling,ThompsonSampling,0,1,207,1.1244935989379883
1208,ThompsonSampling,ThompsonSampling,0,1,208,1.2439444065093994
1209,ThompsonSampling,ThompsonSampling,0,1,209,1.1505460739135742
1210,ThompsonSampling,ThompsonSampling,0,1,210,1.4038623571395874
1211,ThompsonSampling,ThompsonSampling,0,1,211,1.2154313325881958
1212,ThompsonSampling,ThompsonSampling,0,1,212,1.3189401626586914
1213,ThompsonSampling,ThompsonSampling,0,1,213,1.1883940696716309
1214,ThompsonSampling,ThompsonSampling,0,1,214,1.4792355298995972
1215,ThompsonSampling,ThompsonSampling,0,1,215,1.394779086112976
1216,ThompsonSampling,ThompsonSampling,0,1,216,1.472283124923706
1217,ThompsonSampling,ThompsonSampling,0,1,217,1.3439797163009644
1218,ThompsonSampling,ThompsonSampling,0,1,218,1.2514300346374512
1219,ThompsonSampling,ThompsonSampling,0,1,219,1.057518720626831
1220,ThompsonSampling,ThompsonSampling,0,1,220,1.43729829788208
1221,ThompsonSampling,ThompsonSampling,0,1,221,1.4131042957305908
1222,ThompsonSampling,ThompsonSampling,0,1,222,1.1973367929458618
1223,ThompsonSampling,ThompsonSampling,0,1,223,1.2423655986785889
1224,ThompsonSampling,ThompsonSampling,0,1,224,1.226017713546753
1225,ThompsonSampling,ThompsonSampling,0,1,225,1.4671831130981445
1226,ThompsonSampling,ThompsonSampling,0,1,226,1.225838303565979
1227,ThompsonSampling,ThompsonSampling,0,1,227,1.2967748641967773
1228,ThompsonSampling,ThompsonSampling,0,1,228,1.1532231569290161
1229,ThompsonSampling,ThompsonSampling,0,1,229,1.3436789512634277
1230,ThompsonSampling,ThompsonSampling,0,1,230,1.4100182056427002
1231,ThompsonSampling,ThompsonSampling,0,1,231,1.2449204921722412
1232,ThompsonSampling,ThompsonSampling,0,1,232,1.151476263999939
1233,ThompsonSampling,ThompsonSampling,0,1,233,1.288878083229065
1234,ThompsonSampling,ThompsonSampling,0,1,234,1.3613487482070923
1235,ThompsonSampling,ThompsonSampling,0,1,235,1.1278361082077026
1236,ThompsonSampling,ThompsonSampling,0,1,236,1.2161617279052734
1237,ThompsonSampling,ThompsonSampling,0,1,237,1.2483885288238525
1238,ThompsonSampling,ThompsonSampling,0,1,238,1.2255080938339233
1239,ThompsonSampling,ThompsonSampling,0,1,239,1.4199591875076294
1240,ThompsonSampling,ThompsonSampling,0,1,240,1.1008497476577759
1241,ThompsonSampling,ThompsonSampling,0,1,241,1.2447811365127563
1242,ThompsonSampling,ThompsonSampling,0,1,242,1.2361408472061157
1243,ThompsonSampling,ThompsonSampling,0,1,243,1.0958926677703857
1244,ThompsonSampling,ThompsonSampling,0,1,244,1.2530157566070557
1245,ThompsonSampling,ThompsonSampling,0,1,245,1.3980822563171387
1246,ThompsonSampling,ThompsonSampling,0,1,246,1.0642333030700684
1247,ThompsonSampling,ThompsonSampling,0,1,247,0.9869613647460938
1248,ThompsonSampling,ThompsonSampling,0,1,248,1.3225953578948975
1249,ThompsonSampling,ThompsonSampling,0,1,249,1.112339735031128
1250,ThompsonSampling,ThompsonSampling,0,1,250,1.292338490486145
1251,ThompsonSampling,ThompsonSampling,0,1,251,1.3433403968811035
1252,ThompsonSampling,ThompsonSampling,0,1,252,1.2205607891082764
1253,ThompsonSampling,ThompsonSampling,0,1,253,1.1613619327545166
1254,ThompsonSampling,ThompsonSampling,0,1,254,1.6675807237625122
1255,ThompsonSampling,ThompsonSampling,0,1,255,1.4982013702392578
1256,ThompsonSampling,ThompsonSampling,0,1,256,1.2320806980133057
1257,ThompsonSampling,ThompsonSampling,0,1,257,1.12666916847229
1258,ThompsonSampling,ThompsonSampling,0,1,258,1.2960453033447266
1259,ThompsonSampling,ThompsonSampling,0,1,259,1.2068874835968018
1260,ThompsonSampling,ThompsonSampling,0,1,260,1.3366457223892212
1261,ThompsonSampling,ThompsonSampling,0,1,261,1.211363673210144
1262,ThompsonSampling,ThompsonSampling,0,1,262,1.1423698663711548
1263,ThompsonSampling,ThompsonSampling,0,1,263,1.1868854761123657
1264,ThompsonSampling,ThompsonSampling,0,1,264,1.1977776288986206
1265,ThompsonSampling,ThompsonSampling,0,1,265,1.2455179691314697
1266,ThompsonSampling,ThompsonSampling,0,1,266,1.1899704933166504
1267,ThompsonSampling,ThompsonSampling,0,1,267,1.128470540046692
1268,ThompsonSampling,ThompsonSampling,0,1,268,1.2031888961791992
1269,ThompsonSampling,ThompsonSampling,0,1,269,1.1701328754425049
1270,ThompsonSampling,ThompsonSampling,0,1,270,1.3361949920654297
1271,ThompsonSampling,ThompsonSampling,0,1,271,1.1668699979782104
1272,ThompsonSampling,ThompsonSampling,0,1,272,1.125423550605774
1273,ThompsonSampling,ThompsonSampling,0,1,273,1.2275443077087402
1274,ThompsonSampling,ThompsonSampling,0,1,274,1.2069252729415894
1275,ThompsonSampling,ThompsonSampling,0,1,275,1.3802725076675415
1276,ThompsonSampling,ThompsonSampling,0,1,276,1.40476393699646
1277,ThompsonSampling,ThompsonSampling,0,1,277,1.471818447113037
1278,ThompsonSampling,ThompsonSampling,0,1,278,1.1894327402114868
1279,ThompsonSampling,ThompsonSampling,0,1,279,1.242346167564392
1280,ThompsonSampling,ThompsonSampling,0,1,280,1.1899120807647705
1281,ThompsonSampling,ThompsonSampling,0,1,281,1.2863777875900269
1282,ThompsonSampling,ThompsonSampling,0,1,282,1.455487608909607
1283,ThompsonSampling,ThompsonSampling,0,1,283,1.2743333578109741
1284,ThompsonSampling,ThompsonSampling,0,1,284,1.3192551136016846
1285,ThompsonSampling,ThompsonSampling,0,1,285,1.01255464553833
1286,ThompsonSampling,ThompsonSampling,0,1,286,1.0486626625061035
1287,ThompsonSampling,ThompsonSampling,0,1,287,1.2946375608444214
1288,ThompsonSampling,ThompsonSampling,0,1,288,1.1068181991577148
1289,ThompsonSampling,ThompsonSampling,0,1,289,1.2131985425949097
1290,ThompsonSampling,ThompsonSampling,0,1,290,1.0306092500686646
1291,ThompsonSampling,ThompsonSampling,0,1,291,1.2908496856689453
1292,ThompsonSampling,ThompsonSampling,0,1,292,1.298250675201416
1293,ThompsonSampling,ThompsonSampling,0,1,293,1.2261607646942139
1294,ThompsonSampling,ThompsonSampling,0,1,294,1.5223418474197388
1295,ThompsonSampling,ThompsonSampling,0,1,295,1.0809155702590942
1296,ThompsonSampling,ThompsonSampling,0,1,296,1.422937035560608
1297,ThompsonSampling,ThompsonSampling,0,1,297,1.123225450515747
1298,ThompsonSampling,ThompsonSampling,0,1,298,1.1063767671585083
1299,ThompsonSampling,ThompsonSampling,0,1,299,1.3133575916290283
1300,ThompsonSampling,ThompsonSampling,0,1,300,1.245622992515564
1301,ThompsonSampling,ThompsonSampling,0,1,301,1.0021673440933228
1302,ThompsonSampling,ThompsonSampling,0,1,302,1.1712716817855835
1303,ThompsonSampling,ThompsonSampling,0,1,303,1.155176043510437
1304,ThompsonSampling,ThompsonSampling,0,1,304,1.1680816411972046
1305,ThompsonSampling,ThompsonSampling,0,1,305,1.4112824201583862
1306,ThompsonSampling,ThompsonSampling,0,1,306,1.108904480934143
1307,ThompsonSampling,ThompsonSampling,0,1,307,1.1562007665634155
1308,ThompsonSampling,ThompsonSampling,0,1,308,1.3284056186676025
1309,ThompsonSampling,ThompsonSampling,0,1,309,1.1164352893829346
1310,ThompsonSampling,ThompsonSampling,0,1,310,1.0371677875518799
1311,ThompsonSampling,ThompsonSampling,0,1,311,1.1953409910202026
1312,ThompsonSampling,ThompsonSampling,0,1,312,1.1583269834518433
1313,ThompsonSampling,ThompsonSampling,0,1,313,1.2904378175735474
1314,ThompsonSampling,ThompsonSampling,0,1,314,1.1234323978424072
1315,ThompsonSampling,ThompsonSampling,0,1,315,1.543106198310852
1316,ThompsonSampling,ThompsonSampling,0,1,316,1.1118488311767578
1317,ThompsonSampling,ThompsonSampling,0,1,317,1.2065869569778442
1318,ThompsonSampling,ThompsonSampling,0,1,318,1.4106396436691284
1319,ThompsonSampling,ThompsonSampling,0,1,319,1.0898088216781616
1320,ThompsonSampling,ThompsonSampling,0,1,320,1.006089210510254
1321,ThompsonSampling,ThompsonSampling,0,1,321,1.9746915102005005
1322,ThompsonSampling,ThompsonSampling,0,1,322,1.4878208637237549
1323,ThompsonSampling,ThompsonSampling,0,1,323,0.9801837801933289
1324,ThompsonSampling,ThompsonSampling,0,1,324,1.1633474826812744
1325,ThompsonSampling,ThompsonSampling,0,1,325,1.0591223239898682
1326,ThompsonSampling,ThompsonSampling,0,1,326,1.4110788106918335
1327,ThompsonSampling,ThompsonSampling,0,1,327,1.3075499534606934
1328,ThompsonSampling,ThompsonSampling,0,1,328,1.2643321752548218
1329,ThompsonSampling,ThompsonSampling,0,1,329,1.4661834239959717
1330,ThompsonSampling,ThompsonSampling,0,1,330,1.0977783203125
1331,ThompsonSampling,ThompsonSampling,0,1,331,1.1676058769226074
1332,ThompsonSampling,ThompsonSampling,0,1,332,1.4576951265335083
1333,ThompsonSampling,ThompsonSampling,0,1,333,1.356364130973816
1334,ThompsonSampling,ThompsonSampling,0,1,334,1.0292738676071167
1335,ThompsonSampling,ThompsonSampling,0,1,335,1.1994025707244873
1336,ThompsonSampling,ThompsonSampling,0,1,336,1.287351131439209
1337,ThompsonSampling,ThompsonSampling,0,1,337,1.3111165761947632
1338,ThompsonSampling,ThompsonSampling,0,1,338,1.0945881605148315
1339,ThompsonSampling,ThompsonSampling,0,1,339,1.045688509941101
1340,ThompsonSampling,ThompsonSampling,0,1,340,1.2314887046813965
1341,ThompsonSampling,ThompsonSampling,0,1,341,1.159006118774414
1342,ThompsonSampling,ThompsonSampling,0,1,342,1.436746597290039
1343,ThompsonSampling,ThompsonSampling,0,1,343,1.35739266872406
1344,ThompsonSampling,ThompsonSampling,0,1,344,1.0856802463531494
1345,ThompsonSampling,ThompsonSampling,0,1,345,1.3429166078567505
1346,ThompsonSampling,ThompsonSampling,0,1,346,1.260227918624878
1347,ThompsonSampling,ThompsonSampling,0,1,347,1.2089837789535522
1348,ThompsonSampling,ThompsonSampling,0,1,348,1.2090002298355103
1349,ThompsonSampling,ThompsonSampling,0,1,349,1.2917345762252808
1350,ThompsonSampling,ThompsonSampling,0,1,350,1.0724142789840698
1351,ThompsonSampling,ThompsonSampling,0,1,351,1.057902455329895
1352,ThompsonSampling,ThompsonSampling,0,1,352,1.500434160232544
1353,ThompsonSampling,ThompsonSampling,0,1,353,1.250374674797058
1354,ThompsonSampling,ThompsonSampling,0,1,354,1.2810490131378174
1355,ThompsonSampling,ThompsonSampling,0,1,355,1.2645514011383057
1356,ThompsonSampling,ThompsonSampling,0,1,356,1.2549123764038086
1357,ThompsonSampling,ThompsonSampling,0,1,357,1.1739248037338257
1358,ThompsonSampling,ThompsonSampling,0,1,358,1.1314647197723389
1359,ThompsonSampling,ThompsonSampling,0,1,359,1.1196762323379517
1360,ThompsonSampling,ThompsonSampling,0,1,360,1.1090731620788574
1361,ThompsonSampling,ThompsonSampling,0,1,361,1.0323514938354492
1362,ThompsonSampling,ThompsonSampling,0,1,362,1.3649235963821411
1363,ThompsonSampling,ThompsonSampling,0,1,363,1.152240514755249
1364,ThompsonSampling,ThompsonSampling,0,1,364,1.170021891593933
1365,ThompsonSampling,ThompsonSampling,0,1,365,1.3115993738174438
1366,ThompsonSampling,ThompsonSampling,0,1,366,1.254176378250122
1367,ThompsonSampling,ThompsonSampling,0,1,367,1.3180845975875854
1368,ThompsonSampling,ThompsonSampling,0,1,368,1.5388680696487427
1369,ThompsonSampling,ThompsonSampling,0,1,369,1.1892826557159424
1370,ThompsonSampling,ThompsonSampling,0,1,370,1.1916989088058472
1371,ThompsonSampling,ThompsonSampling,0,1,371,1.6666873693466187
1372,ThompsonSampling,ThompsonSampling,0,1,372,1.157517671585083
1373,ThompsonSampling,ThompsonSampling,0,1,373,1.2148981094360352
1374,ThompsonSampling,ThompsonSampling,0,1,374,1.169618844985962
1375,ThompsonSampling,ThompsonSampling,0,1,375,1.0451160669326782
1376,ThompsonSampling,ThompsonSampling,0,1,376,1.2321817874908447
1377,ThompsonSampling,ThompsonSampling,0,1,377,1.291732907295227
1378,ThompsonSampling,ThompsonSampling,0,1,378,1.482661247253418
1379,ThompsonSampling,ThompsonSampling,0,1,379,1.1685916185379028
1380,ThompsonSampling,ThompsonSampling,0,1,380,1.3829014301300049
1381,ThompsonSampling,ThompsonSampling,0,1,381,1.3882392644882202
1382,ThompsonSampling,ThompsonSampling,0,1,382,1.152330994606018
1383,ThompsonSampling,ThompsonSampling,0,1,383,1.844955325126648
1384,ThompsonSampling,ThompsonSampling,0,1,384,1.2440282106399536
1385,ThompsonSampling,ThompsonSampling,0,1,385,1.2759023904800415
1386,ThompsonSampling,ThompsonSampling,0,1,386,2.118445634841919
1387,ThompsonSampling,ThompsonSampling,0,1,387,1.1259055137634277
1388,ThompsonSampling,ThompsonSampling,0,1,388,1.3644779920578003
1389,ThompsonSampling,ThompsonSampling,0,1,389,1.068946123123169
1390,ThompsonSampling,ThompsonSampling,0,1,390,1.0151450634002686
1391,ThompsonSampling,ThompsonSampling,0,1,391,1.0781373977661133
1392,ThompsonSampling,ThompsonSampling,0,1,392,1.1391687393188477
1393,ThompsonSampling,ThompsonSampling,0,1,393,1.1802467107772827
1394,ThompsonSampling,ThompsonSampling,0,1,394,1.512466549873352
1395,ThompsonSampling,ThompsonSampling,0,1,395,1.1351566314697266
1396,ThompsonSampling,ThompsonSampling,0,1,396,1.0185610055923462
1397,ThompsonSampling,ThompsonSampling,0,1,397,1.5683114528656006
1398,ThompsonSampling,ThompsonSampling,0,1,398,1.3854507207870483
1399,ThompsonSampling,ThompsonSampling,0,1,399,1.3004412651062012
1400,ThompsonSampling,ThompsonSampling,0,1,400,1.0246565341949463
1401,ThompsonSampling,ThompsonSampling,0,1,401,1.489922046661377
1402,ThompsonSampling,ThompsonSampling,0,1,402,1.0392272472381592
1403,ThompsonSampling,ThompsonSampling,0,1,403,1.1967628002166748
1404,ThompsonSampling,ThompsonSampling,0,1,404,1.5374107360839844
1405,ThompsonSampling,ThompsonSampling,0,1,405,1.2569833993911743
1406,ThompsonSampling,ThompsonSampling,0,1,406,1.5986031293869019
1407,ThompsonSampling,ThompsonSampling,0,1,407,1.347009301185608
1408,ThompsonSampling,ThompsonSampling,0,1,408,1.2611582279205322
1409,ThompsonSampling,ThompsonSampling,0,1,409,1.2528373003005981
1410,ThompsonSampling,ThompsonSampling,0,1,410,1.4058921337127686
1411,ThompsonSampling,ThompsonSampling,0,1,411,1.6417112350463867
1412,ThompsonSampling,ThompsonSampling,0,1,412,1.262221097946167
1413,ThompsonSampling,ThompsonSampling,0,1,413,1.1926891803741455
1414,ThompsonSampling,ThompsonSampling,0,1,414,1.1433234214782715
1415,ThompsonSampling,ThompsonSampling,0,1,415,1.352668046951294
1416,ThompsonSampling,ThompsonSampling,0,1,416,1.0286695957183838
1417,ThompsonSampling,ThompsonSampling,0,1,417,1.2326589822769165
1418,ThompsonSampling,ThompsonSampling,0,1,418,1.390891671180725
1419,ThompsonSampling,ThompsonSampling,0,1,419,1.125982403755188
1420,ThompsonSampling,ThompsonSampling,0,1,420,1.5059220790863037
1421,ThompsonSampling,ThompsonSampling,0,1,421,1.4485324621200562
1422,ThompsonSampling,ThompsonSampling,0,1,422,1.1506123542785645
1423,ThompsonSampling,ThompsonSampling,0,1,423,1.2781721353530884
1424,ThompsonSampling,ThompsonSampling,0,1,424,1.1093037128448486
1425,ThompsonSampling,ThompsonSampling,0,1,425,1.6505870819091797
1426,ThompsonSampling,ThompsonSampling,0,1,426,1.1205164194107056
1427,ThompsonSampling,ThompsonSampling,0,1,427,0.9217374920845032
1428,ThompsonSampling,ThompsonSampling,0,1,428,1.1320918798446655
1429,ThompsonSampling,ThompsonSampling,0,1,429,1.0453274250030518
1430,ThompsonSampling,ThompsonSampling,0,1,430,1.1298565864562988
1431,ThompsonSampling,ThompsonSampling,0,1,431,1.4495769739151
1432,ThompsonSampling,ThompsonSampling,0,1,432,1.215624213218689
1433,ThompsonSampling,ThompsonSampling,0,1,433,1.0115772485733032
1434,ThompsonSampling,ThompsonSampling,0,1,434,1.2324479818344116
1435,ThompsonSampling,ThompsonSampling,0,1,435,1.3316757678985596
1436,ThompsonSampling,ThompsonSampling,0,1,436,1.4799473285675049
1437,ThompsonSampling,ThompsonSampling,0,1,437,1.3713301420211792
1438,ThompsonSampling,ThompsonSampling,0,1,438,1.1590043306350708
1439,ThompsonSampling,ThompsonSampling,0,1,439,1.017616629600525
1440,ThompsonSampling,ThompsonSampling,0,1,440,1.0729373693466187
1441,ThompsonSampling,ThompsonSampling,0,1,441,1.2712355852127075
1442,ThompsonSampling,ThompsonSampling,0,1,442,1.13507878780365
1443,ThompsonSampling,ThompsonSampling,0,1,443,1.643611192703247
1444,ThompsonSampling,ThompsonSampling,0,1,444,1.2671537399291992
1445,ThompsonSampling,ThompsonSampling,0,1,445,1.2959991693496704
1446,ThompsonSampling,ThompsonSampling,0,1,446,1.1026829481124878
1447,ThompsonSampling,ThompsonSampling,0,1,447,1.2964882850646973
1448,ThompsonSampling,ThompsonSampling,0,1,448,1.069963812828064
1449,ThompsonSampling,ThompsonSampling,0,1,449,1.2187232971191406
1450,ThompsonSampling,ThompsonSampling,0,1,450,1.2636674642562866
1451,ThompsonSampling,ThompsonSampling,0,1,451,1.3196392059326172
1452,ThompsonSampling,ThompsonSampling,0,1,452,1.103929877281189
1453,ThompsonSampling,ThompsonSampling,0,1,453,1.0415621995925903
1454,ThompsonSampling,ThompsonSampling,0,1,454,1.4005098342895508
1455,ThompsonSampling,ThompsonSampling,0,1,455,1.1478825807571411
1456,ThompsonSampling,ThompsonSampling,0,1,456,1.150036096572876
1457,ThompsonSampling,ThompsonSampling,0,1,457,1.3469431400299072
1458,ThompsonSampling,ThompsonSampling,0,1,458,1.236040711402893
1459,ThompsonSampling,ThompsonSampling,0,1,459,1.285529613494873
1460,ThompsonSampling,ThompsonSampling,0,1,460,1.2659075260162354
1461,ThompsonSampling,ThompsonSampling,0,1,461,1.2194924354553223
1462,ThompsonSampling,ThompsonSampling,0,1,462,1.4312548637390137
1463,ThompsonSampling,ThompsonSampling,0,1,463,1.101703405380249
1464,ThompsonSampling,ThompsonSampling,0,1,464,1.0205249786376953
1465,ThompsonSampling,ThompsonSampling,0,1,465,1.5828360319137573
1466,ThompsonSampling,ThompsonSampling,0,1,466,1.0305161476135254
1467,ThompsonSampling,ThompsonSampling,0,1,467,1.085792899131775
1468,ThompsonSampling,ThompsonSampling,0,1,468,1.2443907260894775
1469,ThompsonSampling,ThompsonSampling,0,1,469,1.1729894876480103
1470,ThompsonSampling,ThompsonSampling,0,1,470,1.2212737798690796
1471,ThompsonSampling,ThompsonSampling,0,1,471,1.3384222984313965
1472,ThompsonSampling,ThompsonSampling,0,1,472,1.3953498601913452
1473,ThompsonSampling,ThompsonSampling,0,1,473,1.2820992469787598
1474,ThompsonSampling,ThompsonSampling,0,1,474,1.4001743793487549
1475,ThompsonSampling,ThompsonSampling,0,1,475,1.3631794452667236
1476,ThompsonSampling,ThompsonSampling,0,1,476,1.1638892889022827
1477,ThompsonSampling,ThompsonSampling,0,1,477,1.1193486452102661
1478,ThompsonSampling,ThompsonSampling,0,1,478,1.1782089471817017
1479,ThompsonSampling,ThompsonSampling,0,1,479,1.1769813299179077
1480,ThompsonSampling,ThompsonSampling,0,1,480,1.0262746810913086
1481,ThompsonSampling,ThompsonSampling,0,1,481,1.4791758060455322
1482,ThompsonSampling,ThompsonSampling,0,1,482,1.1135077476501465
1483,ThompsonSampling,ThompsonSampling,0,1,483,1.2026053667068481
1484,ThompsonSampling,ThompsonSampling,0,1,484,1.321759581565857
1485,ThompsonSampling,ThompsonSampling,0,1,485,1.112331509590149
1486,ThompsonSampling,ThompsonSampling,0,1,486,1.146713376045227
1487,ThompsonSampling,ThompsonSampling,0,1,487,1.0221694707870483
1488,ThompsonSampling,ThompsonSampling,0,1,488,1.119045376777649
1489,ThompsonSampling,ThompsonSampling,0,1,489,1.1451878547668457
1490,ThompsonSampling,ThompsonSampling,0,1,490,1.1030951738357544
1491,ThompsonSampling,ThompsonSampling,0,1,491,1.2698888778686523
1492,ThompsonSampling,ThompsonSampling,0,1,492,1.2586621046066284
1493,ThompsonSampling,ThompsonSampling,0,1,493,1.1006920337677002
1494,ThompsonSampling,ThompsonSampling,0,1,494,1.1800395250320435
1495,ThompsonSampling,ThompsonSampling,0,1,495,1.224100112915039
1496,ThompsonSampling,ThompsonSampling,0,1,496,1.0618351697921753
1497,ThompsonSampling,ThompsonSampling,0,1,497,1.1272035837173462
1498,ThompsonSampling,ThompsonSampling,0,1,498,1.4772353172302246
1499,ThompsonSampling,ThompsonSampling,0,1,499,1.2990448474884033
1500,ThompsonSampling,ThompsonSampling,0,1,500,1.1018117666244507
1501,ThompsonSampling,ThompsonSampling,0,1,501,1.2143203020095825
1502,ThompsonSampling,ThompsonSampling,0,1,502,1.18709397315979
1503,ThompsonSampling,ThompsonSampling,0,1,503,1.3448026180267334
1504,ThompsonSampling,ThompsonSampling,0,1,504,1.2280830144882202
1505,ThompsonSampling,ThompsonSampling,0,1,505,1.1547712087631226
1506,ThompsonSampling,ThompsonSampling,0,1,506,1.38834810256958
1507,ThompsonSampling,ThompsonSampling,0,1,507,1.0552500486373901
1508,ThompsonSampling,ThompsonSampling,0,1,508,1.4743943214416504
1509,ThompsonSampling,ThompsonSampling,0,1,509,1.3619134426116943
1510,ThompsonSampling,ThompsonSampling,0,1,510,1.2354754209518433
1511,ThompsonSampling,ThompsonSampling,0,1,511,1.4373608827590942
1512,ThompsonSampling,ThompsonSampling,0,1,512,1.4050885438919067
1513,ThompsonSampling,ThompsonSampling,0,1,513,1.391588568687439
1514,ThompsonSampling,ThompsonSampling,0,1,514,1.0484023094177246
1515,ThompsonSampling,ThompsonSampling,0,1,515,1.1339702606201172
1516,ThompsonSampling,ThompsonSampling,0,1,516,0.979327380657196
1517,ThompsonSampling,ThompsonSampling,0,1,517,1.1026800870895386
1518,ThompsonSampling,ThompsonSampling,0,1,518,1.224355697631836
1519,ThompsonSampling,ThompsonSampling,0,1,519,1.241769790649414
1520,ThompsonSampling,ThompsonSampling,0,1,520,1.412195086479187
1521,ThompsonSampling,ThompsonSampling,0,1,521,1.1410831212997437
1522,ThompsonSampling,ThompsonSampling,0,1,522,1.3744983673095703
1523,ThompsonSampling,ThompsonSampling,0,1,523,1.7515819072723389
1524,ThompsonSampling,ThompsonSampling,0,1,524,1.2656267881393433
1525,ThompsonSampling,ThompsonSampling,0,1,525,1.134367823600769
1526,ThompsonSampling,ThompsonSampling,0,1,526,1.2969024181365967
1527,ThompsonSampling,ThompsonSampling,0,1,527,1.3018931150436401
1528,ThompsonSampling,ThompsonSampling,0,1,528,0.9677432179450989
1529,ThompsonSampling,ThompsonSampling,0,1,529,1.4229907989501953
1530,ThompsonSampling,ThompsonSampling,0,1,530,1.3235712051391602
1531,ThompsonSampling,ThompsonSampling,0,1,531,1.557015299797058
1532,ThompsonSampling,ThompsonSampling,0,1,532,1.0352752208709717
1533,ThompsonSampling,ThompsonSampling,0,1,533,1.6593303680419922
1534,ThompsonSampling,ThompsonSampling,0,1,534,1.0030866861343384
1535,ThompsonSampling,ThompsonSampling,0,1,535,1.016564130783081
1536,ThompsonSampling,ThompsonSampling,0,1,536,1.1803058385849
1537,ThompsonSampling,ThompsonSampling,0,1,537,1.3901137113571167
1538,ThompsonSampling,ThompsonSampling,0,1,538,1.3009107112884521
1539,ThompsonSampling,ThompsonSampling,0,1,539,1.1906559467315674
1540,ThompsonSampling,ThompsonSampling,0,1,540,1.4235807657241821
1541,ThompsonSampling,ThompsonSampling,0,1,541,1.0833457708358765
1542,ThompsonSampling,ThompsonSampling,0,1,542,1.348197102546692
1543,ThompsonSampling,ThompsonSampling,0,1,543,1.0713080167770386
1544,ThompsonSampling,ThompsonSampling,0,1,544,1.295981764793396
1545,ThompsonSampling,ThompsonSampling,0,1,545,1.59878408908844
1546,ThompsonSampling,ThompsonSampling,0,1,546,1.343204140663147
1547,ThompsonSampling,ThompsonSampling,0,1,547,1.2417064905166626
1548,ThompsonSampling,ThompsonSampling,0,1,548,1.4414929151535034
1549,ThompsonSampling,ThompsonSampling,0,1,549,1.1249743700027466
1550,ThompsonSampling,ThompsonSampling,0,1,550,1.568474292755127
1551,ThompsonSampling,ThompsonSampling,0,1,551,1.556750774383545
1552,ThompsonSampling,ThompsonSampling,0,1,552,1.0820481777191162
1553,ThompsonSampling,ThompsonSampling,0,1,553,1.0977627038955688
1554,ThompsonSampling,ThompsonSampling,0,1,554,1.2988358736038208
1555,ThompsonSampling,ThompsonSampling,0,1,555,1.1689140796661377
1556,ThompsonSampling,ThompsonSampling,0,1,556,1.1338409185409546
1557,ThompsonSampling,ThompsonSampling,0,1,557,1.3722301721572876
1558,ThompsonSampling,ThompsonSampling,0,1,558,1.3008967638015747
1559,ThompsonSampling,ThompsonSampling,0,1,559,1.0301872491836548
1560,ThompsonSampling,ThompsonSampling,0,1,560,1.3540102243423462
1561,ThompsonSampling,ThompsonSampling,0,1,561,1.1412709951400757
1562,ThompsonSampling,ThompsonSampling,0,1,562,1.1464922428131104
1563,ThompsonSampling,ThompsonSampling,0,1,563,1.2135400772094727
1564,ThompsonSampling,ThompsonSampling,0,1,564,1.0553514957427979
1565,ThompsonSampling,ThompsonSampling,0,1,565,1.3897637128829956
1566,ThompsonSampling,ThompsonSampling,0,1,566,1.3062435388565063
1567,ThompsonSampling,ThompsonSampling,0,1,567,1.4408968687057495
1568,ThompsonSampling,ThompsonSampling,0,1,568,1.7533570528030396
1569,ThompsonSampling,ThompsonSampling,0,1,569,1.3116447925567627
1570,ThompsonSampling,ThompsonSampling,0,1,570,1.2661644220352173
1571,ThompsonSampling,ThompsonSampling,0,1,571,1.240749478340149
1572,ThompsonSampling,ThompsonSampling,0,1,572,0.9665918350219727
1573,ThompsonSampling,ThompsonSampling,0,1,573,1.360755443572998
1574,ThompsonSampling,ThompsonSampling,0,1,574,1.1908018589019775
1575,ThompsonSampling,ThompsonSampling,0,1,575,1.1645151376724243
1576,ThompsonSampling,ThompsonSampling,0,1,576,1.1294305324554443
1577,ThompsonSampling,ThompsonSampling,0,1,577,1.2473609447479248
1578,ThompsonSampling,ThompsonSampling,0,1,578,1.3833421468734741
1579,ThompsonSampling,ThompsonSampling,0,1,579,1.09713876247406
1580,ThompsonSampling,ThompsonSampling,0,1,580,1.0335848331451416
1581,ThompsonSampling,ThompsonSampling,0,1,581,1.0971276760101318
1582,ThompsonSampling,ThompsonSampling,0,1,582,1.167918086051941
1583,ThompsonSampling,ThompsonSampling,0,1,583,1.521010398864746
1584,ThompsonSampling,ThompsonSampling,0,1,584,1.1770427227020264
1585,ThompsonSampling,ThompsonSampling,0,1,585,1.2481441497802734
1586,ThompsonSampling,ThompsonSampling,0,1,586,1.1352099180221558
1587,ThompsonSampling,ThompsonSampling,0,1,587,1.409011960029602
1588,ThompsonSampling,ThompsonSampling,0,1,588,1.2942301034927368
1589,ThompsonSampling,ThompsonSampling,0,1,589,1.231256127357483
1590,ThompsonSampling,ThompsonSampling,0,1,590,1.2157340049743652
1591,ThompsonSampling,ThompsonSampling,0,1,591,1.0654350519180298
1592,ThompsonSampling,ThompsonSampling,0,1,592,1.2062093019485474
1593,ThompsonSampling,ThompsonSampling,0,1,593,1.10635244846344
1594,ThompsonSampling,ThompsonSampling,0,1,594,1.2817645072937012
1595,ThompsonSampling,ThompsonSampling,0,1,595,1.3497552871704102
1596,ThompsonSampling,ThompsonSampling,0,1,596,1.2071938514709473
1597,ThompsonSampling,ThompsonSampling,0,1,597,1.5872230529785156
1598,ThompsonSampling,ThompsonSampling,0,1,598,1.2618577480316162
1599,ThompsonSampling,ThompsonSampling,0,1,599,1.2258623838424683
1600,ThompsonSampling,ThompsonSampling,0,1,600,1.32862389087677
1601,ThompsonSampling,ThompsonSampling,0,1,601,1.1997060775756836
1602,ThompsonSampling,ThompsonSampling,0,1,602,1.179895281791687
1603,ThompsonSampling,ThompsonSampling,0,1,603,1.265625
1604,ThompsonSampling,ThompsonSampling,0,1,604,1.2003002166748047
1605,ThompsonSampling,ThompsonSampling,0,1,605,1.2226123809814453
1606,ThompsonSampling,ThompsonSampling,0,1,606,1.0117542743682861
1607,ThompsonSampling,ThompsonSampling,0,1,607,1.129744052886963
1608,ThompsonSampling,ThompsonSampling,0,1,608,1.2441850900650024
1609,ThompsonSampling,ThompsonSampling,0,1,609,1.6454010009765625
1610,ThompsonSampling,ThompsonSampling,0,1,610,1.097639799118042
1611,ThompsonSampling,ThompsonSampling,0,1,611,1.3420947790145874
1612,ThompsonSampling,ThompsonSampling,0,1,612,1.2618776559829712
1613,ThompsonSampling,ThompsonSampling,0,1,613,1.3142894506454468
1614,ThompsonSampling,ThompsonSampling,0,1,614,1.5738277435302734
1615,ThompsonSampling,ThompsonSampling,0,1,615,1.0771163702011108
1616,ThompsonSampling,ThompsonSampling,0,1,616,1.30897057056427
1617,ThompsonSampling,ThompsonSampling,0,1,617,0.9989944696426392
1618,ThompsonSampling,ThompsonSampling,0,1,618,1.2231827974319458
1619,ThompsonSampling,ThompsonSampling,0,1,619,1.5141586065292358
1620,ThompsonSampling,ThompsonSampling,0,1,620,1.3517427444458008
1621,ThompsonSampling,ThompsonSampling,0,1,621,1.2862529754638672
1622,ThompsonSampling,ThompsonSampling,0,1,622,1.1780726909637451
1623,ThompsonSampling,ThompsonSampling,0,1,623,1.3368585109710693
1624,ThompsonSampling,ThompsonSampling,0,1,624,1.1673774719238281
1625,ThompsonSampling,ThompsonSampling,0,1,625,1.0706872940063477
1626,ThompsonSampling,ThompsonSampling,0,1,626,1.4615408182144165
1627,ThompsonSampling,ThompsonSampling,0,1,627,1.2114125490188599
1628,ThompsonSampling,ThompsonSampling,0,1,628,1.3141670227050781
1629,ThompsonSampling,ThompsonSampling,0,1,629,1.2368016242980957
1630,ThompsonSampling,ThompsonSampling,0,1,630,1.194242000579834
1631,ThompsonSampling,ThompsonSampling,0,1,631,1.222875714302063
1632,ThompsonSampling,ThompsonSampling,0,1,632,1.261006474494934
1633,ThompsonSampling,ThompsonSampling,0,1,633,1.3486682176589966
1634,ThompsonSampling,ThompsonSampling,0,1,634,1.4103220701217651
1635,ThompsonSampling,ThompsonSampling,0,1,635,1.225393295288086
1636,ThompsonSampling,ThompsonSampling,0,1,636,1.33817720413208
1637,ThompsonSampling,ThompsonSampling,0,1,637,1.2725496292114258
1638,ThompsonSampling,ThompsonSampling,0,1,638,1.9571558237075806
1639,ThompsonSampling,ThompsonSampling,0,1,639,1.402368426322937
1640,ThompsonSampling,ThompsonSampling,0,1,640,1.2834190130233765
1641,ThompsonSampling,ThompsonSampling,0,1,641,1.3583955764770508
1642,ThompsonSampling,ThompsonSampling,0,1,642,1.1695348024368286
1643,ThompsonSampling,ThompsonSampling,0,1,643,1.2741056680679321
1644,ThompsonSampling,ThompsonSampling,0,1,644,1.25546133518219
1645,ThompsonSampling,ThompsonSampling,0,1,645,1.1842103004455566
1646,ThompsonSampling,ThompsonSampling,0,1,646,1.0673644542694092
1647,ThompsonSampling,ThompsonSampling,0,1,647,1.3904643058776855
1648,ThompsonSampling,ThompsonSampling,0,1,648,1.1926215887069702
1649,ThompsonSampling,ThompsonSampling,0,1,649,1.38992178440094
1650,ThompsonSampling,ThompsonSampling,0,1,650,1.2872661352157593
1651,ThompsonSampling,ThompsonSampling,0,1,651,1.3389666080474854
1652,ThompsonSampling,ThompsonSampling,0,1,652,1.0090731382369995
1653,ThompsonSampling,ThompsonSampling,0,1,653,1.1400043964385986
1654,ThompsonSampling,ThompsonSampling,0,1,654,1.0990924835205078
1655,ThompsonSampling,ThompsonSampling,0,1,655,1.4989627599716187
1656,ThompsonSampling,ThompsonSampling,0,1,656,1.3080586194992065
1657,ThompsonSampling,ThompsonSampling,0,1,657,1.1714297533035278
1658,ThompsonSampling,ThompsonSampling,0,1,658,1.2301249504089355
1659,ThompsonSampling,ThompsonSampling,0,1,659,1.1978410482406616
1660,ThompsonSampling,ThompsonSampling,0,1,660,1.1496375799179077
1661,ThompsonSampling,ThompsonSampling,0,1,661,1.4186067581176758
1662,ThompsonSampling,ThompsonSampling,0,1,662,1.3385305404663086
1663,ThompsonSampling,ThompsonSampling,0,1,663,1.135048747062683
1664,ThompsonSampling,ThompsonSampling,0,1,664,1.2224384546279907
1665,ThompsonSampling,ThompsonSampling,0,1,665,1.4381816387176514
1666,ThompsonSampling,ThompsonSampling,0,1,666,1.056112289428711
1667,ThompsonSampling,ThompsonSampling,0,1,667,1.0847468376159668
1668,ThompsonSampling,ThompsonSampling,0,1,668,0.9912055730819702
1669,ThompsonSampling,ThompsonSampling,0,1,669,1.3958687782287598
1670,ThompsonSampling,ThompsonSampling,0,1,670,1.190123200416565
1671,ThompsonSampling,ThompsonSampling,0,1,671,1.1175477504730225
1672,ThompsonSampling,ThompsonSampling,0,1,672,1.240193247795105
1673,ThompsonSampling,ThompsonSampling,0,1,673,1.4913662672042847
1674,ThompsonSampling,ThompsonSampling,0,1,674,1.1403477191925049
1675,ThompsonSampling,ThompsonSampling,0,1,675,1.4082906246185303
1676,ThompsonSampling,ThompsonSampling,0,1,676,1.1222636699676514
1677,ThompsonSampling,ThompsonSampling,0,1,677,1.0670793056488037
1678,ThompsonSampling,ThompsonSampling,0,1,678,1.3298338651657104
1679,ThompsonSampling,ThompsonSampling,0,1,679,1.3448889255523682
1680,ThompsonSampling,ThompsonSampling,0,1,680,1.1242477893829346
1681,ThompsonSampling,ThompsonSampling,0,1,681,1.5069454908370972
1682,ThompsonSampling,ThompsonSampling,0,1,682,1.1202516555786133
1683,ThompsonSampling,ThompsonSampling,0,1,683,1.3535032272338867
1684,ThompsonSampling,ThompsonSampling,0,1,684,1.1977565288543701
1685,ThompsonSampling,ThompsonSampling,0,1,685,1.3170280456542969
1686,ThompsonSampling,ThompsonSampling,0,1,686,1.3086024522781372
1687,ThompsonSampling,ThompsonSampling,0,1,687,1.142128825187683
1688,ThompsonSampling,ThompsonSampling,0,1,688,1.40392005443573
1689,ThompsonSampling,ThompsonSampling,0,1,689,1.248607873916626
1690,ThompsonSampling,ThompsonSampling,0,1,690,0.9933279156684875
1691,ThompsonSampling,ThompsonSampling,0,1,691,1.535882592201233
1692,ThompsonSampling,ThompsonSampling,0,1,692,1.1175109148025513
1693,ThompsonSampling,ThompsonSampling,0,1,693,1.1832363605499268
1694,ThompsonSampling,ThompsonSampling,0,1,694,1.119218349456787
1695,ThompsonSampling,ThompsonSampling,0,1,695,1.4663641452789307
1696,ThompsonSampling,ThompsonSampling,0,1,696,1.2414623498916626
1697,ThompsonSampling,ThompsonSampling,0,1,697,1.079861044883728
1698,ThompsonSampling,ThompsonSampling,0,1,698,1.30253005027771
1699,ThompsonSampling,ThompsonSampling,0,1,699,1.2100826501846313
1700,ThompsonSampling,ThompsonSampling,0,1,700,1.1730270385742188
1701,ThompsonSampling,ThompsonSampling,0,1,701,1.2250272035598755
1702,ThompsonSampling,ThompsonSampling,0,1,702,1.1332885026931763
1703,ThompsonSampling,ThompsonSampling,0,1,703,1.6164891719818115
1704,ThompsonSampling,ThompsonSampling,0,1,704,1.1056678295135498
1705,ThompsonSampling,ThompsonSampling,0,1,705,1.057271957397461
1706,ThompsonSampling,ThompsonSampling,0,1,706,1.4114516973495483
1707,ThompsonSampling,ThompsonSampling,0,1,707,1.4566680192947388
1708,ThompsonSampling,ThompsonSampling,0,1,708,1.1605318784713745
1709,ThompsonSampling,ThompsonSampling,0,1,709,1.2423958778381348
1710,ThompsonSampling,ThompsonSampling,0,1,710,1.1041195392608643
1711,ThompsonSampling,ThompsonSampling,0,1,711,1.032307505607605
1712,ThompsonSampling,ThompsonSampling,0,1,712,1.2547448873519897
1713,ThompsonSampling,ThompsonSampling,0,1,713,1.2134650945663452
1714,ThompsonSampling,ThompsonSampling,0,1,714,1.2755571603775024
1715,ThompsonSampling,ThompsonSampling,0,1,715,1.0731819868087769
1716,ThompsonSampling,ThompsonSampling,0,1,716,1.6119719743728638
1717,ThompsonSampling,ThompsonSampling,0,1,717,1.3085063695907593
1718,ThompsonSampling,ThompsonSampling,0,1,718,1.2322707176208496
1719,ThompsonSampling,ThompsonSampling,0,1,719,1.0990853309631348
1720,ThompsonSampling,ThompsonSampling,0,1,720,1.2835355997085571
1721,ThompsonSampling,ThompsonSampling,0,1,721,1.437314748764038
1722,ThompsonSampling,ThompsonSampling,0,1,722,1.3660187721252441
1723,ThompsonSampling,ThompsonSampling,0,1,723,1.2126458883285522
1724,ThompsonSampling,ThompsonSampling,0,1,724,1.1000580787658691
1725,ThompsonSampling,ThompsonSampling,0,1,725,1.3644121885299683
1726,ThompsonSampling,ThompsonSampling,0,1,726,1.3414767980575562
1727,ThompsonSampling,ThompsonSampling,0,1,727,1.282116413116455
1728,ThompsonSampling,ThompsonSampling,0,1,728,1.0470342636108398
1729,ThompsonSampling,ThompsonSampling,0,1,729,1.247857689857483
1730,ThompsonSampling,ThompsonSampling,0,1,730,1.283664584159851
1731,ThompsonSampling,ThompsonSampling,0,1,731,1.4552290439605713
1732,ThompsonSampling,ThompsonSampling,0,1,732,0.9992612600326538
1733,ThompsonSampling,ThompsonSampling,0,1,733,1.4439606666564941
1734,ThompsonSampling,ThompsonSampling,0,1,734,1.0556747913360596
1735,ThompsonSampling,ThompsonSampling,0,1,735,1.152248501777649
1736,ThompsonSampling,ThompsonSampling,0,1,736,1.246294379234314
1737,ThompsonSampling,ThompsonSampling,0,1,737,1.3197259902954102
1738,ThompsonSampling,ThompsonSampling,0,1,738,1.0492647886276245
1739,ThompsonSampling,ThompsonSampling,0,1,739,1.6111735105514526
1740,ThompsonSampling,ThompsonSampling,0,1,740,1.2733945846557617
1741,ThompsonSampling,ThompsonSampling,0,1,741,1.0405763387680054
1742,ThompsonSampling,ThompsonSampling,0,1,742,1.4618574380874634
1743,ThompsonSampling,ThompsonSampling,0,1,743,1.4656805992126465
1744,ThompsonSampling,ThompsonSampling,0,1,744,1.2747998237609863
1745,ThompsonSampling,ThompsonSampling,0,1,745,1.5003889799118042
1746,ThompsonSampling,ThompsonSampling,0,1,746,1.1009225845336914
1747,ThompsonSampling,ThompsonSampling,0,1,747,1.186430811882019
1748,ThompsonSampling,ThompsonSampling,0,1,748,1.3750184774398804
1749,ThompsonSampling,ThompsonSampling,0,1,749,1.0321013927459717
1750,ThompsonSampling,ThompsonSampling,0,1,750,1.3292089700698853
1751,ThompsonSampling,ThompsonSampling,0,1,751,1.1596070528030396
1752,ThompsonSampling,ThompsonSampling,0,1,752,1.1080318689346313
1753,ThompsonSampling,ThompsonSampling,0,1,753,1.1009529829025269
1754,ThompsonSampling,ThompsonSampling,0,1,754,1.1814311742782593
1755,ThompsonSampling,ThompsonSampling,0,1,755,1.2126505374908447
1756,ThompsonSampling,ThompsonSampling,0,1,756,1.1730784177780151
1757,ThompsonSampling,ThompsonSampling,0,1,757,1.643163800239563
1758,ThompsonSampling,ThompsonSampling,0,1,758,1.1554127931594849
1759,ThompsonSampling,ThompsonSampling,0,1,759,1.2358331680297852
1760,ThompsonSampling,ThompsonSampling,0,1,760,1.2661691904067993
1761,ThompsonSampling,ThompsonSampling,0,1,761,1.1780143976211548
1762,ThompsonSampling,ThompsonSampling,0,1,762,1.0694929361343384
1763,ThompsonSampling,ThompsonSampling,0,1,763,1.2697603702545166
1764,ThompsonSampling,ThompsonSampling,0,1,764,1.5390074253082275
1765,ThompsonSampling,ThompsonSampling,0,1,765,1.1183995008468628
1766,ThompsonSampling,ThompsonSampling,0,1,766,1.4088411331176758
1767,ThompsonSampling,ThompsonSampling,0,1,767,1.3565200567245483
1768,ThompsonSampling,ThompsonSampling,0,1,768,1.5070514678955078
1769,ThompsonSampling,ThompsonSampling,0,1,769,0.9918870329856873
1770,ThompsonSampling,ThompsonSampling,0,1,770,1.2595751285552979
1771,ThompsonSampling,ThompsonSampling,0,1,771,1.4042751789093018
1772,ThompsonSampling,ThompsonSampling,0,1,772,1.2876020669937134
1773,ThompsonSampling,ThompsonSampling,0,1,773,1.0356388092041016
1774,ThompsonSampling,ThompsonSampling,0,1,774,1.1594206094741821
1775,ThompsonSampling,ThompsonSampling,0,1,775,1.1646435260772705
1776,ThompsonSampling,ThompsonSampling,0,1,776,1.4551632404327393
1777,ThompsonSampling,ThompsonSampling,0,1,777,1.084285855293274
1778,ThompsonSampling,ThompsonSampling,0,1,778,1.128705620765686
1779,ThompsonSampling,ThompsonSampling,0,1,779,1.4074565172195435
1780,ThompsonSampling,ThompsonSampling,0,1,780,1.3711377382278442
1781,ThompsonSampling,ThompsonSampling,0,1,781,1.1833335161209106
1782,ThompsonSampling,ThompsonSampling,0,1,782,1.2455631494522095
1783,ThompsonSampling,ThompsonSampling,0,1,783,1.3836591243743896
1784,ThompsonSampling,ThompsonSampling,0,1,784,1.2228273153305054
1785,ThompsonSampling,ThompsonSampling,0,1,785,1.2687747478485107
1786,ThompsonSampling,ThompsonSampling,0,1,786,1.4882925748825073
1787,ThompsonSampling,ThompsonSampling,0,1,787,1.0759793519973755
1788,ThompsonSampling,ThompsonSampling,0,1,788,1.1237579584121704
1789,ThompsonSampling,ThompsonSampling,0,1,789,1.0022610425949097
1790,ThompsonSampling,ThompsonSampling,0,1,790,1.2176392078399658
1791,ThompsonSampling,ThompsonSampling,0,1,791,1.332598090171814
1792,ThompsonSampling,ThompsonSampling,0,1,792,1.229817509651184
1793,ThompsonSampling,ThompsonSampling,0,1,793,1.604103684425354
1794,ThompsonSampling,ThompsonSampling,0,1,794,0.9892908334732056
1795,ThompsonSampling,ThompsonSampling,0,1,795,1.2678000926971436
1796,ThompsonSampling,ThompsonSampling,0,1,796,1.1673240661621094
1797,ThompsonSampling,ThompsonSampling,0,1,797,1.3611202239990234
1798,ThompsonSampling,ThompsonSampling,0,1,798,1.4147592782974243
1799,ThompsonSampling,ThompsonSampling,0,1,799,0.9772813320159912
1800,ThompsonSampling,ThompsonSampling,0,1,800,1.2648601531982422
1801,ThompsonSampling,ThompsonSampling,0,1,801,1.3521289825439453
1802,ThompsonSampling,ThompsonSampling,0,1,802,1.2746528387069702
1803,ThompsonSampling,ThompsonSampling,0,1,803,1.0745912790298462
1804,ThompsonSampling,ThompsonSampling,0,1,804,1.2561208009719849
1805,ThompsonSampling,ThompsonSampling,0,1,805,1.399688720703125
1806,ThompsonSampling,ThompsonSampling,0,1,806,1.0196014642715454
1807,ThompsonSampling,ThompsonSampling,0,1,807,1.831769347190857
1808,ThompsonSampling,ThompsonSampling,0,1,808,1.247326135635376
1809,ThompsonSampling,ThompsonSampling,0,1,809,1.1074261665344238
1810,ThompsonSampling,ThompsonSampling,0,1,810,1.2328273057937622
1811,ThompsonSampling,ThompsonSampling,0,1,811,1.2907553911209106
1812,ThompsonSampling,ThompsonSampling,0,1,812,1.5074567794799805
1813,ThompsonSampling,ThompsonSampling,0,1,813,1.209162950515747
1814,ThompsonSampling,ThompsonSampling,0,1,814,1.278757929801941
1815,ThompsonSampling,ThompsonSampling,0,1,815,1.2725098133087158
1816,ThompsonSampling,ThompsonSampling,0,1,816,1.255149483680725
1817,ThompsonSampling,ThompsonSampling,0,1,817,1.0025219917297363
1818,ThompsonSampling,ThompsonSampling,0,1,818,1.045015811920166
1819,ThompsonSampling,ThompsonSampling,0,1,819,1.0665771961212158
1820,ThompsonSampling,ThompsonSampling,0,1,820,1.2364752292633057
1821,ThompsonSampling,ThompsonSampling,0,1,821,1.3631563186645508
1822,ThompsonSampling,ThompsonSampling,0,1,822,1.1303743124008179
1823,ThompsonSampling,ThompsonSampling,0,1,823,1.4027456045150757
1824,ThompsonSampling,ThompsonSampling,0,1,824,1.1059424877166748
1825,ThompsonSampling,ThompsonSampling,0,1,825,1.074803352355957
1826,ThompsonSampling,ThompsonSampling,0,1,826,1.2125368118286133
1827,ThompsonSampling,ThompsonSampling,0,1,827,1.2721436023712158
1828,ThompsonSampling,ThompsonSampling,0,1,828,1.4243966341018677
1829,ThompsonSampling,ThompsonSampling,0,1,829,1.5753393173217773
1830,ThompsonSampling,ThompsonSampling,0,1,830,1.121519684791565
1831,ThompsonSampling,ThompsonSampling,0,1,831,1.0550531148910522
1832,ThompsonSampling,ThompsonSampling,0,1,832,1.3025777339935303
1833,ThompsonSampling,ThompsonSampling,0,1,833,1.5320351123809814
1834,ThompsonSampling,ThompsonSampling,0,1,834,1.142674446105957
1835,ThompsonSampling,ThompsonSampling,0,1,835,1.5518250465393066
1836,ThompsonSampling,ThompsonSampling,0,1,836,1.1305702924728394
1837,ThompsonSampling,ThompsonSampling,0,1,837,1.4274994134902954
1838,ThompsonSampling,ThompsonSampling,0,1,838,1.0566192865371704
1839,ThompsonSampling,ThompsonSampling,0,1,839,1.1977101564407349
1840,ThompsonSampling,ThompsonSampling,0,1,840,1.229801058769226
1841,ThompsonSampling,ThompsonSampling,0,1,841,1.2233251333236694
1842,ThompsonSampling,ThompsonSampling,0,1,842,1.3620686531066895
1843,ThompsonSampling,ThompsonSampling,0,1,843,1.1663458347320557
1844,ThompsonSampling,ThompsonSampling,0,1,844,1.182521104812622
1845,ThompsonSampling,ThompsonSampling,0,1,845,1.549506664276123
1846,ThompsonSampling,ThompsonSampling,0,1,846,1.670516014099121
1847,ThompsonSampling,ThompsonSampling,0,1,847,1.294888973236084
1848,ThompsonSampling,ThompsonSampling,0,1,848,1.2860182523727417
1849,ThompsonSampling,ThompsonSampling,0,1,849,1.2949234247207642
1850,ThompsonSampling,ThompsonSampling,0,1,850,1.135385513305664
1851,ThompsonSampling,ThompsonSampling,0,1,851,1.1875170469284058
1852,ThompsonSampling,ThompsonSampling,0,1,852,1.1784610748291016
1853,ThompsonSampling,ThompsonSampling,0,1,853,1.4197499752044678
1854,ThompsonSampling,ThompsonSampling,0,1,854,1.1783374547958374
1855,ThompsonSampling,ThompsonSampling,0,1,855,1.3401448726654053
1856,ThompsonSampling,ThompsonSampling,0,1,856,1.0464328527450562
1857,ThompsonSampling,ThompsonSampling,0,1,857,1.2957459688186646
1858,ThompsonSampling,ThompsonSampling,0,1,858,1.3167140483856201
1859,ThompsonSampling,ThompsonSampling,0,1,859,1.198071837425232
1860,ThompsonSampling,ThompsonSampling,0,1,860,1.107778787612915
1861,ThompsonSampling,ThompsonSampling,0,1,861,1.3854317665100098
1862,ThompsonSampling,ThompsonSampling,0,1,862,1.3899812698364258
1863,ThompsonSampling,ThompsonSampling,0,1,863,1.304972767829895
1864,ThompsonSampling,ThompsonSampling,0,1,864,1.4976003170013428
1865,ThompsonSampling,ThompsonSampling,0,1,865,1.2933017015457153
1866,ThompsonSampling,ThompsonSampling,0,1,866,1.2676185369491577
1867,ThompsonSampling,ThompsonSampling,0,1,867,1.357912302017212
1868,ThompsonSampling,ThompsonSampling,0,1,868,1.252441644668579
1869,ThompsonSampling,ThompsonSampling,0,1,869,1.1538223028182983
1870,ThompsonSampling,ThompsonSampling,0,1,870,1.0210661888122559
1871,ThompsonSampling,ThompsonSampling,0,1,871,1.1468520164489746
1872,ThompsonSampling,ThompsonSampling,0,1,872,1.1741549968719482
1873,ThompsonSampling,ThompsonSampling,0,1,873,1.132170557975769
1874,ThompsonSampling,ThompsonSampling,0,1,874,1.2539095878601074
1875,ThompsonSampling,ThompsonSampling,0,1,875,1.1256903409957886
1876,ThompsonSampling,ThompsonSampling,0,1,876,1.3078854084014893
1877,ThompsonSampling,ThompsonSampling,0,1,877,1.3505256175994873
1878,ThompsonSampling,ThompsonSampling,0,1,878,1.4287422895431519
1879,ThompsonSampling,ThompsonSampling,0,1,879,0.9951879382133484
1880,ThompsonSampling,ThompsonSampling,0,1,880,1.3447624444961548
1881,ThompsonSampling,ThompsonSampling,0,1,881,1.0355175733566284
1882,ThompsonSampling,ThompsonSampling,0,1,882,1.0704234838485718
1883,ThompsonSampling,ThompsonSampling,0,1,883,1.2975386381149292
1884,ThompsonSampling,ThompsonSampling,0,1,884,1.0459554195404053
1885,ThompsonSampling,ThompsonSampling,0,1,885,1.0793498754501343
1886,ThompsonSampling,ThompsonSampling,0,1,886,1.2854520082473755
1887,ThompsonSampling,ThompsonSampling,0,1,887,1.4957016706466675
1888,ThompsonSampling,ThompsonSampling,0,1,888,1.1676466464996338
1889,ThompsonSampling,ThompsonSampling,0,1,889,1.3711352348327637
1890,ThompsonSampling,ThompsonSampling,0,1,890,1.2492676973342896
1891,ThompsonSampling,ThompsonSampling,0,1,891,1.4693801403045654
1892,ThompsonSampling,ThompsonSampling,0,1,892,1.2472106218338013
1893,ThompsonSampling,ThompsonSampling,0,1,893,1.324160099029541
1894,ThompsonSampling,ThompsonSampling,0,1,894,1.0079401731491089
1895,ThompsonSampling,ThompsonSampling,0,1,895,1.0713165998458862
1896,ThompsonSampling,ThompsonSampling,0,1,896,1.025525689125061
1897,ThompsonSampling,ThompsonSampling,0,1,897,0.9783658385276794
1898,ThompsonSampling,ThompsonSampling,0,1,898,1.2518028020858765
1899,ThompsonSampling,ThompsonSampling,0,1,899,1.1248743534088135
1900,ThompsonSampling,ThompsonSampling,0,1,900,1.3141587972640991
1901,ThompsonSampling,ThompsonSampling,0,1,901,1.0491012334823608
1902,ThompsonSampling,ThompsonSampling,0,1,902,1.3968867063522339
1903,ThompsonSampling,ThompsonSampling,0,1,903,1.2869724035263062
1904,ThompsonSampling,ThompsonSampling,0,1,904,1.469079613685608
1905,ThompsonSampling,ThompsonSampling,0,1,905,1.140027642250061
1906,ThompsonSampling,ThompsonSampling,0,1,906,1.1828022003173828
1907,ThompsonSampling,ThompsonSampling,0,1,907,1.3193891048431396
1908,ThompsonSampling,ThompsonSampling,0,1,908,1.286942958831787
1909,ThompsonSampling,ThompsonSampling,0,1,909,1.2209219932556152
1910,ThompsonSampling,ThompsonSampling,0,1,910,1.3293343782424927
1911,ThompsonSampling,ThompsonSampling,0,1,911,1.390089988708496
1912,ThompsonSampling,ThompsonSampling,0,1,912,1.3804172277450562
1913,ThompsonSampling,ThompsonSampling,0,1,913,1.4319254159927368
1914,ThompsonSampling,ThompsonSampling,0,1,914,1.301247000694275
1915,ThompsonSampling,ThompsonSampling,0,1,915,1.3413293361663818
1916,ThompsonSampling,ThompsonSampling,0,1,916,1.2095553874969482
1917,ThompsonSampling,ThompsonSampling,0,1,917,1.1594513654708862
1918,ThompsonSampling,ThompsonSampling,0,1,918,1.23650324344635
1919,ThompsonSampling,ThompsonSampling,0,1,919,1.2288097143173218
1920,ThompsonSampling,ThompsonSampling,0,1,920,1.1164054870605469
1921,ThompsonSampling,ThompsonSampling,0,1,921,1.1763954162597656
1922,ThompsonSampling,ThompsonSampling,0,1,922,1.209237813949585
1923,ThompsonSampling,ThompsonSampling,0,1,923,1.5960980653762817
1924,ThompsonSampling,ThompsonSampling,0,1,924,1.3252869844436646
1925,ThompsonSampling,ThompsonSampling,0,1,925,1.234176754951477
1926,ThompsonSampling,ThompsonSampling,0,1,926,1.3212885856628418
1927,ThompsonSampling,ThompsonSampling,0,1,927,1.035930871963501
1928,ThompsonSampling,ThompsonSampling,0,1,928,1.093531608581543
1929,ThompsonSampling,ThompsonSampling,0,1,929,1.2474124431610107
1930,ThompsonSampling,ThompsonSampling,0,1,930,1.0662825107574463
1931,ThompsonSampling,ThompsonSampling,0,1,931,1.1365039348602295
1932,ThompsonSampling,ThompsonSampling,0,1,932,1.2021881341934204
1933,ThompsonSampling,ThompsonSampling,0,1,933,1.5662691593170166
1934,ThompsonSampling,ThompsonSampling,0,1,934,1.2348377704620361
1935,ThompsonSampling,ThompsonSampling,0,1,935,1.235094428062439
1936,ThompsonSampling,ThompsonSampling,0,1,936,1.664345622062683
1937,ThompsonSampling,ThompsonSampling,0,1,937,1.1771410703659058
1938,ThompsonSampling,ThompsonSampling,0,1,938,1.7261601686477661
1939,ThompsonSampling,ThompsonSampling,0,1,939,1.24761962890625
1940,ThompsonSampling,ThompsonSampling,0,1,940,1.1994363069534302
1941,ThompsonSampling,ThompsonSampling,0,1,941,1.2294511795043945
1942,ThompsonSampling,ThompsonSampling,0,1,942,1.1887322664260864
1943,ThompsonSampling,ThompsonSampling,0,1,943,1.4126534461975098
1944,ThompsonSampling,ThompsonSampling,0,1,944,1.1241087913513184
1945,ThompsonSampling,ThompsonSampling,0,1,945,1.2637814283370972
1946,ThompsonSampling,ThompsonSampling,0,1,946,1.3340649604797363
1947,ThompsonSampling,ThompsonSampling,0,1,947,1.1738383769989014
1948,ThompsonSampling,ThompsonSampling,0,1,948,1.3875006437301636
1949,ThompsonSampling,ThompsonSampling,0,1,949,1.5926861763000488
1950,ThompsonSampling,ThompsonSampling,0,1,950,1.1260207891464233
1951,ThompsonSampling,ThompsonSampling,0,1,951,1.3147937059402466
1952,ThompsonSampling,ThompsonSampling,0,1,952,1.2547791004180908
1953,ThompsonSampling,ThompsonSampling,0,1,953,1.4441853761672974
1954,ThompsonSampling,ThompsonSampling,0,1,954,0.9933164119720459
1955,ThompsonSampling,ThompsonSampling,0,1,955,1.5250768661499023
1956,ThompsonSampling,ThompsonSampling,0,1,956,1.210416316986084
1957,ThompsonSampling,ThompsonSampling,0,1,957,1.2040547132492065
1958,ThompsonSampling,ThompsonSampling,0,1,958,1.4000636339187622
1959,ThompsonSampling,ThompsonSampling,0,1,959,1.39223313331604
1960,ThompsonSampling,ThompsonSampling,0,1,960,1.4629945755004883
1961,ThompsonSampling,ThompsonSampling,0,1,961,1.2178797721862793
1962,ThompsonSampling,ThompsonSampling,0,1,962,1.1371042728424072
1963,ThompsonSampling,ThompsonSampling,0,1,963,1.4456382989883423
1964,ThompsonSampling,ThompsonSampling,0,1,964,1.1629877090454102
1965,ThompsonSampling,ThompsonSampling,0,1,965,1.0965402126312256
1966,ThompsonSampling,ThompsonSampling,0,1,966,1.0766724348068237
1967,ThompsonSampling,ThompsonSampling,0,1,967,1.1118324995040894
1968,ThompsonSampling,ThompsonSampling,0,1,968,1.3839770555496216
1969,ThompsonSampling,ThompsonSampling,0,1,969,1.326212763786316
1970,ThompsonSampling,ThompsonSampling,0,1,970,1.1600886583328247
1971,ThompsonSampling,ThompsonSampling,0,1,971,1.2328044176101685
1972,ThompsonSampling,ThompsonSampling,0,1,972,1.2128674983978271
1973,ThompsonSampling,ThompsonSampling,0,1,973,1.2133839130401611
1974,ThompsonSampling,ThompsonSampling,0,1,974,1.105364441871643
1975,ThompsonSampling,ThompsonSampling,0,1,975,1.0899178981781006
1976,ThompsonSampling,ThompsonSampling,0,1,976,1.3625423908233643
1977,ThompsonSampling,ThompsonSampling,0,1,977,1.2885334491729736
1978,ThompsonSampling,ThompsonSampling,0,1,978,1.2212820053100586
1979,ThompsonSampling,ThompsonSampling,0,1,979,1.1761293411254883
1980,ThompsonSampling,ThompsonSampling,0,1,980,1.912316918373108
1981,ThompsonSampling,ThompsonSampling,0,1,981,1.3787258863449097
1982,ThompsonSampling,ThompsonSampling,0,1,982,1.560360312461853
1983,ThompsonSampling,ThompsonSampling,0,1,983,1.0863240957260132
1984,ThompsonSampling,ThompsonSampling,0,1,984,1.0744479894638062
1985,ThompsonSampling,ThompsonSampling,0,1,985,1.2931299209594727
1986,ThompsonSampling,ThompsonSampling,0,1,986,1.0458306074142456
1987,ThompsonSampling,ThompsonSampling,0,1,987,1.121495246887207
1988,ThompsonSampling,ThompsonSampling,0,1,988,1.160036325454712
1989,ThompsonSampling,ThompsonSampling,0,1,989,1.3729596138000488
1990,ThompsonSampling,ThompsonSampling,0,1,990,1.428713083267212
1991,ThompsonSampling,ThompsonSampling,0,1,991,1.4870926141738892
1992,ThompsonSampling,ThompsonSampling,0,1,992,1.2497835159301758
1993,ThompsonSampling,ThompsonSampling,0,1,993,1.4129441976547241
1994,ThompsonSampling,ThompsonSampling,0,1,994,1.1423571109771729
1995,ThompsonSampling,ThompsonSampling,0,1,995,1.4056726694107056
1996,ThompsonSampling,ThompsonSampling,0,1,996,1.2855859994888306
1997,ThompsonSampling,ThompsonSampling,0,1,997,1.2061799764633179
1998,ThompsonSampling,ThompsonSampling,0,1,998,1.208702564239502
1999,ThompsonSampling,ThompsonSampling,0,1,999,1.2265191078186035
2000,ThompsonSampling,MaxProbabilityOfImprovement,0,0,0,0.30966347455978394
2001,ThompsonSampling,MaxProbabilityOfImprovement,0,1,0,0.1559901237487793
2002,ThompsonSampling,MaxUCB,0,0,0,2.1458523273468018
2003,ThompsonSampling,MaxUCB,0,1,0,1.4242106676101685
2004,ThompsonSampling,MaxExpectedImprovement,0,0,0,0.1256747990846634
2005,ThompsonSampling,MaxExpectedImprovement,0,1,0,0.02904544770717621
